1 1 6.8329302167550397e-05
2 1 4.2913124309682672e-05
3 1 2.8897716217505694e-05
4 1 3.1595582272924468e-05
5 1 4.7957621325795089e-05
6 1 3.6449909118995501e-05
7 1 4.7636358850447156e-05
8 1 1.0079899811721588e-04
9 1 2.2805008308019707e-05
10 1 1.8899235549540478e-05
11 1 2.3135452188371800e-05
12 1 9.7375654254432757e-05
13 1 4.6388302551892167e-05
14 1 3.1627580184280062e-05
15 1 4.8139698425012311e-05
16 1 3.0572909769390741e-05
17 1 3.9139740648891324e-05
18 1 6.9080975527794052e-05
19 1 6.6643556821456611e-05
20 1 5.2810268314574522e-05
21 1 7.7868644209216984e-05
22 1 7.3445843152455907e-05
23 1 4.4056922620367244e-05
24 1 7.1778153524258115e-05
25 1 6.6062997806483413e-05
26 1 4.0494307204374646e-05
27 1 7.6476326542256509e-05
28 1 2.7474762895028723e-05
29 1 4.9995355234411356e-05
30 1 3.9596173243505782e-05
31 1 4.1713292571901573e-05
32 1 5.1313962433901226e-05
33 1 1.9003937231374297e-05
34 1 2.1502097340298519e-05
35 1 1.2078317772883417e-04
36 1 6.3179639635579853e-05
37 1 3.5890173845431897e-04
38 1 3.4992439152470669e-04
39 1 7.0598055632999253e-04
40 1 3.1258232963556190e-04
41 1 2.5419455323467271e-04
42 1 4.6450371110009207e-04
43 1 6.6505946700038825e-05
44 1 1.4831156437264533e-04
45 1 2.3000550506182559e-04
46 1 4.3934812153388293e-05
47 1 7.6544857188374471e-05
48 1 4.6085641553911419e-05
49 1 8.2293279489569790e-06
50 1 1.1477540908296348e-05
51 1 2.3637327652683171e-05
52 1 1.1039251331737467e-04
53 1 7.3167788423629427e-06
54 1 1.2231126977443229e-05
55 1 1.6465664392798704e-05
56 1 1.7202413235803726e-05
57 1 5.6253880926323287e-05
58 1 1.0843468497868897e-05
59 1 8.5882417519455307e-06
60 1 1.3259622807996147e-03
61 1 1.2815964753208037e-04
62 1 6.8830834053395628e-04
63 1 4.2211215364689250e-04
64 1 2.1918949313522483e-04
65 1 3.8057939972691478e-05
66 1 2.2796997719942052e-04
67 1 6.2467239874236161e-06
68 1 3.4748055470541323e-06
69 1 2.0160423577305771e-04
70 1 1.1343803605090737e-04
71 1 4.8403428761722541e-05
72 1 1.2677795231608778e-05
73 1 1.0259261648719499e-05
74 1 1.3665424860978098e-05
75 1 1.3666593537161740e-05
76 1 5.8637313113071138e-04
77 1 3.0862272984476356e-05
78 1 2.4085854812085113e-04
79 1 5.7595774240761638e-04
80 1 8.5857514057060939e-04
81 1 1.5779477512234512e-05
82 1 1.5108096250671352e-05
83 1 2.3737188812337770e-05
84 1 1.4973418733227038e-03
85 1 1.1929774582038556e-04
86 1 2.1467823272627159e-03
87 1 6.4042117474127772e-04
88 1 3.4015554457163666e-05
89 1 3.1175556911855506e-04
90 1 4.7208239215156241e-05
91 1 1.1616566098732436e-04
92 1 2.6326483016111150e-03
93 1 1.1672903828391095e-02
94 1 1.3432296325184758e-03
95 1 1.3416078333604782e-05
96 1 1.1162605669224071e-05
97 1 6.3819000737439671e-05
98 1 9.0393810013002053e-05
99 1 4.8631044677386501e-05
100 1 4.3663690992416509e-05
101 1 1.6546306296182442e-04
102 1 4.5956718283529348e-04
103 1 1.0622499309406101e-03
104 1 4.1610058078998916e-04
105 1 5.6574164710081739e-05
106 1 4.8131750404223566e-05
107 1 8.1333495157638635e-05
108 1 4.3657438757194550e-05
109 1 4.0365633194285765e-05
110 1 1.7382503653806141e-04
111 1 8.1531178951890147e-05
112 1 7.9986805039526892e-05
113 1 2.2024542614891246e-03
114 1 2.2191398631196582e-04
115 1 3.2153102626130111e-03
116 1 1.9884807002606020e-03
117 1 1.4339394378265971e-02
118 1 1.0247842774302301e-04
119 1 9.4336933154818702e-05
120 1 7.9391602891722452e-05
121 1 1.4695755414870820e-04
122 1 1.3483684180850254e-04
123 1 1.2593604262318354e-04
124 1 1.2083681349720103e-04
125 1 1.1805051484611983e-04
126 1 5.2731642540696953e-04
127 1 1.6217055858651953e-03
128 1 3.6310954392399750e-04
129 1 1.4056993094325139e-04
130 1 1.1300326231846101e-04
131 1 2.8419146419486575e-04
132 1 3.2718175784742952e-04
133 1 3.3310470614209095e-04
134 1 2.9342455718632901e-04
135 1 4.3826716213019251e-03
136 1 5.3786494343084569e-04
137 1 2.4007535158447602e-04
138 1 4.2538222929350113e-03
139 1 1.3861830895426017e-03
140 1 1.2435188269147594e-03
141 1 1.7109049475852224e-03
142 1 1.7133531113802173e-04
143 1 1.6559517381018230e-04
144 1 1.5353866401518891e-04
145 1 1.4729935101607820e-04
146 1 1.3197686557521774e-04
147 1 1.1668056936562320e-04
148 1 9.4490536030308883e-05
149 1 8.1397734733131371e-05
150 1 9.0948057231314737e-05
151 1 4.7434784595346886e-04
152 1 1.5595219317766240e-04
153 1 1.5813610206431782e-04
154 1 2.1191509210068070e-03
155 1 1.2141625731794674e-04
156 1 1.3391412079807831e-04
157 1 4.7951380094061222e-04
158 1 3.8644943536529679e-04
159 1 1.6553963241143915e-03
160 1 2.7082648911427133e-04
161 1 1.4155900729836295e-04
162 1 1.4411109725249806e-04
163 1 5.3340838981869813e-04
164 1 3.6634053788430062e-03
165 1 3.6577212902418667e-04
166 1 2.4391393961928321e-04
167 1 1.9072247809465308e-04
168 1 1.5713393347237774e-04
169 1 6.9418818547288332e-05
170 1 6.7480321833827720e-05
171 1 6.8040304726802228e-05
172 1 5.8936676736633169e-05
173 1 4.9870743223127426e-05
174 1 5.8036453263262221e-05
175 1 9.7091408895253197e-05
176 1 2.4153030615135383e-04
177 1 2.1538599483249412e-04
178 1 5.7617926210860144e-04
179 1 7.3379677571146627e-05
180 1 7.9563536624924506e-05
181 1 1.4836912552913077e-04
182 1 2.7039201123416133e-04
183 1 1.8601098184198412e-03
184 1 7.8152103345535684e-04
185 1 8.8214126754148348e-05
186 1 8.7144078913756637e-05
187 1 1.0357053417039932e-04
188 1 1.3751077081375649e-04
189 1 1.4860027241001415e-04
190 1 1.2137134060319715e-04
191 1 1.2848328211294746e-04
192 1 8.1552695793573956e-05
193 1 1.6548953217838682e-05
194 1 1.4264831459638908e-05
195 1 1.5861732349838389e-05
196 1 1.6792405024054230e-05
197 1 1.3260972776947180e-05
198 1 1.5813580096483550e-05
199 1 2.5420311864280820e-05
200 1 6.1986971575760314e-05
201 1 2.0002684017475004e-04
202 1 1.7775795919157894e-05
203 1 1.4861685319809855e-05
204 1 1.2653897370928876e-05
205 1 3.3775707940236477e-05
206 1 1.8871097060465286e-04
207 1 4.2772112494014304e-05
208 1 2.8133475083606224e-05
209 1 2.4687187296646524e-05
210 1 2.1397565839926328e-05
211 1 2.0872308754357618e-05
212 1 4.7829184579086335e-05
213 1 2.4656328666894728e-05
214 1 2.8013750813589321e-05
215 1 1.5369587700552381e-04
216 1 9.2550465039634554e-05
217 1 6.2635826230158207e-06
218 1 4.5970785879586845e-06
219 1 5.1089290000184811e-06
220 1 9.6283008539599986e-06
221 1 9.0046495495339317e-06
222 1 9.7045725436204163e-06
223 1 3.0008057537669465e-05
224 1 1.3794814400191350e-05
225 1 6.9621181486548573e-06
226 1 7.0351280299980518e-06
227 1 6.6473495415535537e-06
228 1 8.1772284898108678e-06
229 1 2.1940981955474595e-05
230 1 2.0615829190378606e-05
231 1 1.7396663857236517e-05
232 1 1.8067629481606853e-05
233 1 1.7325318620460227e-05
234 1 1.6773826444630223e-05
235 1 1.6392422771499661e-05
236 1 1.4074001923541085e-05
237 1 1.2978060240570572e-05
238 1 1.1368825496664738e-05
239 1 9.5550079425949824e-06
240 1 1.8483803509418404e-05
241 1 4.9012411745327636e-05
242 1 3.3837192960557033e-05
243 1 4.3471338590252215e-05
244 1 5.3055784329661527e-05
245 1 6.2625312769008735e-05
246 1 5.9112138085636207e-05
247 1 7.8093098248545217e-05
248 1 4.8514377105537217e-05
249 1 6.8127139754543082e-05
250 1 4.4502970657971882e-05
251 1 6.8260896399356151e-05
252 1 2.3809304766560450e-05
253 1 3.0012511899455621e-05
254 1 2.9264218664885105e-05
255 1 2.6975893497963613e-05
256 1 2.6635105593034508e-05
257 1 2.5196914084795416e-05
258 1 1.5267002400773700e-05
259 1 2.4099787468712424e-05
260 1 2.3221550102077907e-05
261 1 2.2252242016469304e-05
262 1 1.9723924704449064e-05
263 1 2.0454355147685062e-05
264 1 7.3130942306217850e-05
265 1 2.1341740223898830e-05
266 1 6.0216118273283786e-05
267 1 1.8637843961648706e-05
268 1 1.6873435940012241e-05
269 1 1.9020800297728431e-05
270 1 1.8347071702370318e-05
271 1 8.4247148557406429e-05
272 1 1.0791733473358036e-04
273 1 2.5894348694351239e-05
274 1 2.2349312634546536e-05
275 1 1.9148873933492306e-05
276 1 1.9898570599577263e-05
277 1 5.1435645675375895e-05
278 1 1.4953606946182247e-04
279 1 2.9200437944130824e-04
280 1 1.9401239767248080e-04
281 1 5.4400082242108137e-05
282 1 2.4067823592656282e-04
283 1 4.5821216573065608e-04
284 1 1.0008904817756825e-04
285 1 1.1456140198253395e-04
286 1 2.0512295550933725e-05
287 1 1.5249423517656716e-05
288 1 1.2595270023257671e-04
1 2 1.1894762591382069e-04
2 2 1.2019809129126050e-04
3 2 1.2128435068779303e-04
4 2 1.2131527906058352e-04
5 2 1.2015607637131271e-04
6 2 1.2270431249736423e-04
7 2 1.2324253566746188e-04
8 2 1.2061076712207298e-04
9 2 1.2757890580834491e-04
10 2 1.2921761443044152e-04
11 2 1.2926243026199619e-04
12 2 1.2289369219480763e-04
13 2 1.2628459045081433e-04
14 2 1.2761415376579520e-04
15 2 1.2743288019935746e-04
16 2 1.3001259356322680e-04
17 2 1.3040782907986544e-04
18 2 1.2674425995102371e-04
19 2 1.2652288618053074e-04
20 2 1.2612784554375951e-04
21 2 1.2268174774268876e-04
22 2 1.2382311227679022e-04
23 2 1.2260472215352625e-04
24 2 1.1954012690380551e-04
25 2 1.5413249799155586e-04
26 2 1.6294969869637253e-04
27 2 4.0140812407938226e-04
28 2 1.2982962100869822e-04
29 2 1.3747235668129580e-04
30 2 1.2466366704689559e-04
31 2 1.2721140283203957e-04
32 2 1.2668854741522525e-04
33 2 1.2177379229146742e-04
34 2 1.2535812785612941e-04
35 2 1.6471096765598381e-04
36 2 1.1083528922428175e-04
37 2 4.5561633887520377e-04
38 2 1.7169503594760970e-03
39 2 1.5877683209512307e-03
40 2 7.3977648896913963e-04
41 2 6.4409560075709795e-04
42 2 5.2149515152080921e-04
43 2 1.4509204772377728e-04
44 2 2.0099539059552588e-04
45 2 3.1864166553917985e-04
46 2 2.1091161806261827e-04
47 2 1.9382234992213713e-04
48 2 1.8330142935460859e-04
49 2 2.0312364118978636e-05
50 2 2.2884199778177863e-05
51 2 1.9910115099437913e-05
52 2 5.6719370819691078e-05
53 2 3.7162386796568490e-05
54 2 3.2923310474194785e-05
55 2 1.9388630759941773e-05
56 2 5.4396134567180687e-05
57 2 9.3653390194664454e-05
58 2 1.5532838395338458e-05
59 2 1.6040660492777281e-05
60 2 2.1247727721009579e-03
61 2 1.5743715765286010e-04
62 2 1.4466045592142862e-03
63 2 1.0808612456410136e-03
64 2 3.6680874267523722e-04
65 2 5.4648979883021440e-05
66 2 2.0244323347580205e-04
67 2 2.7007609525187634e-05
68 2 1.2452527825710460e-05
69 2 9.6866509841641592e-04
70 2 2.0071040055151987e-04
71 2 7.7106921509872617e-05
72 2 1.9423232516980310e-05
73 2 1.5938495529126642e-05
74 2 1.6691353778027395e-05
75 2 1.7254894922378751e-05
76 2 1.5586022951234492e-03
77 2 1.4466260413499154e-04
78 2 7.7622501151069525e-04
79 2 2.2879686204759077e-03
80 2 3.9425496768126234e-03
81 2 1.5893318938907672e-05
82 2 1.7600966606658522e-05
83 2 3.7772387716245824e-05
84 2 3.2346719766183259e-03
85 2 6.2175468169448902e-04
86 2 5.0387604315655808e-03
87 2 1.2827251966698583e-03
88 2 1.6411478737699778e-04
89 2 1.8242666471701462e-03
90 2 2.9533961749620910e-04
91 2 6.5528949539782940e-04
92 2 5.1337138412429961e-03
93 2 7.2147556112639261e-02
94 2 7.6325019589168217e-03
95 2 1.3718598332344795e-05
96 2 1.4452491981136138e-05
97 2 1.7428144561536342e-05
98 2 1.5584763331764879e-04
99 2 1.8190657459801211e-05
100 2 1.8537895049999803e-05
101 2 5.6050842732044686e-04
102 2 9.0911146154873878e-04
103 2 2.2796245501602664e-03
104 2 1.1168192383999712e-03
105 2 1.8516542615513143e-05
106 2 1.9273422487405771e-05
107 2 2.4268508836524104e-04
108 2 2.3459274462778087e-05
109 2 9.6593216215116718e-06
110 2 7.6129817744839863e-04
111 2 1.3891236548498409e-04
112 2 4.2711435042141781e-05
113 2 1.2307935795494803e-02
114 2 9.5254282641601745e-04
115 2 6.7367665182446433e-03
116 2 4.1996256126638001e-03
117 2 4.4298668181835983e-02
118 2 2.3147014017636743e-05
119 2 1.8760208483662121e-05
120 2 1.8574781217001603e-05
121 2 1.1919617356805522e-05
122 2 1.2199196780409006e-05
123 2 1.2580395383329243e-05
124 2 1.4235041332757643e-05
125 2 1.5665091972386975e-05
126 2 4.0611358336505097e-04
127 2 1.2889693078840317e-03
128 2 3.7292729167510172e-04
129 2 7.1846174900063673e-05
130 2 1.3245755584769881e-05
131 2 5.8774527608538879e-04
132 2 1.0853848687665652e-03
133 2 3.3101276988251873e-04
134 2 1.5784134648626598e-04
135 2 3.0665427483198638e-03
136 2 1.0821196990677768e-03
137 2 2.0587307888247482e-04
138 2 5.6247833021131986e-03
139 2 2.4993552379465977e-03
140 2 1.6068800274598564e-03
141 2 1.6863103200153752e-03
142 2 1.1419057712129413e-05
143 2 9.0586305178950348e-06
144 2 9.0861183294439698e-06
145 2 1.9412778832878859e-05
146 2 1.5285602702802298e-05
147 2 1.9750594225637777e-05
148 2 1.7547655173538455e-05
149 2 1.8203473620541049e-05
150 2 1.9199577053704134e-05
151 2 1.6216266160183038e-03
152 2 2.2210094412448765e-05
153 2 2.6112029729382913e-05
154 2 2.0436659452309006e-03
155 2 2.0051652652222192e-05
156 2 2.1184252763134901e-05
157 2 7.4878452992749019e-04
158 2 9.2738331548745804e-04
159 2 1.5823660569479587e-03
160 2 1.5316825948782133e-04
161 2 1.2066269599503803e-05
162 2 1.1817846604991922e-05
163 2 5.3547725150592061e-04
164 2 4.4010549002369082e-03
165 2 4.0167313860401202e-04
166 2 2.0730935072504973e-04
167 2 5.9165825680510529e-05
168 2 1.2695993257718340e-05
169 2 1.8060683981216862e-05
170 2 1.6900453314735807e-05
171 2 2.0036603791923187e-05
172 2 1.5764105538261429e-05
173 2 1.6354218615981173e-05
174 2 1.8599349085898469e-05
175 2 2.2851783879893428e-05
176 2 4.8227159771377170e-05
177 2 5.6528008015837813e-04
178 2 1.3591947949535966e-03
179 2 1.8153898626417751e-05
180 2 1.9083788374875490e-05
181 2 8.1246881650808933e-05
182 2 1.0069950196675881e-04
183 2 3.7866219182785608e-03
184 2 1.8144789888793172e-03
185 2 2.2264573410198889e-05
186 2 2.1357723056203709e-05
187 2 2.0880582453389576e-05
188 2 3.4506015434614156e-05
189 2 1.5143095498035091e-06
190 2 3.9839886250804139e-06
191 2 3.0003779671897949e-04
192 2 6.0864644891368624e-05
193 2 1.5279700584873494e-05
194 2 1.4382983415387745e-05
195 2 1.5487466886092917e-05
196 2 1.6959737124538584e-05
197 2 1.3043395309472028e-05
198 2 1.6857446095506880e-05
199 2 2.7682379209147194e-05
200 2 1.9398692400593266e-04
201 2 1.0528856930554960e-03
202 2 1.6797448217096473e-05
203 2 1.4215250502850768e-05
204 2 1.1937494848202185e-05
205 2 3.2925481030342024e-05
206 2 6.4908346953073076e-04
207 2 8.2108604972803224e-05
208 2 2.2931060795713466e-05
209 2 2.1553511342558714e-05
210 2 2.0539234683941210e-05
211 2 2.0197299291632838e-05
212 2 1.7411733463607292e-04
213 2 2.6040521371493638e-05
214 2 4.1520372938774659e-05
215 2 5.2247267184599871e-04
216 2 3.5492194833367224e-04
217 2 1.3712141589052134e-05
218 2 1.0305305023981708e-05
219 2 1.3171621074870584e-05
220 2 2.1598438199570375e-05
221 2 1.6981391239617925e-05
222 2 1.7704501141272860e-05
223 2 2.0390554922065774e-05
224 2 5.7905816212250811e-05
225 2 1.8356674500559161e-05
226 2 1.5737763044461036e-05
227 2 1.1341861115471344e-05
228 2 1.3621431465021703e-05
229 2 3.1071078693034078e-05
230 2 2.6381651656166000e-05
231 2 2.4287846588119398e-05
232 2 2.1945163546860243e-05
233 2 2.0660332226582001e-05
234 2 1.8458576798044642e-05
235 2 1.8435372052818057e-05
236 2 1.8034659186787665e-05
237 2 1.7727156246078804e-05
238 2 1.7344891511800379e-05
239 2 1.6186705787857378e-05
240 2 4.4317620719608596e-05
241 2 8.6047045876469302e-05
242 2 7.7384397626361175e-05
243 2 9.0572682652108330e-05
244 2 1.1131415989726584e-04
245 2 1.1040951644270722e-04
246 2 1.1386031333382908e-04
247 2 1.1826188068131590e-04
248 2 1.1866300301580673e-04
249 2 1.1292434321333005e-04
250 2 1.0251320250212505e-04
251 2 1.0012510757184924e-04
252 2 1.1946988984992450e-04
253 2 1.5817047998753633e-04
254 2 1.6079135471149189e-04
255 2 1.5755534727157858e-04
256 2 1.5233305746444758e-04
257 2 1.3736425903400603e-04
258 2 9.6694447834880961e-05
259 2 1.2778068712806530e-04
260 2 1.2768301668250029e-04
261 2 1.2002121506261882e-04
262 2 1.1613539311723448e-04
263 2 1.0609300925301734e-04
264 2 9.4360472494906981e-05
265 2 1.0126939578569794e-04
266 2 9.6956845619322637e-05
267 2 1.0631922297007542e-04
268 2 1.1646256850984578e-04
269 2 1.2054364549819556e-04
270 2 1.2382248944013883e-04
271 2 1.2136568612745107e-04
272 2 1.1812394584614175e-04
273 2 1.2016329898838988e-04
274 2 1.1751361441363318e-04
275 2 1.2008744260546437e-04
276 2 1.3371672889043676e-04
277 2 1.5278414916599387e-04
278 2 1.5432336776353500e-04
279 2 1.4614539813684172e-04
280 2 1.5524647497584159e-04
281 2 1.7633207779420583e-04
282 2 2.0802932014791128e-04
283 2 1.3580560957897686e-04
284 2 1.3866966903306212e-04
285 2 1.2491479833724641e-04
286 2 1.2239031930133041e-04
287 2 1.1457206373438615e-04
288 2 9.8839051823870465e-05
1 3 0.0000000000000000e+00
2 3 0.0000000000000000e+00
3 3 0.0000000000000000e+00
4 3 2.8153629083429066e-05
5 3 3.8856686528384887e-03
6 3 7.2865154238599354e-03
7 3 1.5908159950220591e-02
8 3 6.9792457804083823e-04
9 3 0.0000000000000000e+00
10 3 0.0000000000000000e+00
11 3 0.0000000000000000e+00
12 3 0.0000000000000000e+00
13 3 3.2589705928178638e-06
14 3 2.0343539027030511e-05
15 3 0.0000000000000000e+00
16 3 0.0000000000000000e+00
17 3 0.0000000000000000e+00
18 3 1.6705088052993894e-04
19 3 7.0382200360849002e-03
20 3 4.3794206840184991e-03
21 3 0.0000000000000000e+00
22 3 2.8590884654014308e-04
23 3 0.0000000000000000e+00
24 3 0.0000000000000000e+00
25 3 4.7037491811712275e-03
26 3 7.0859114176991067e-01
27 3 5.4916564297429804e-01
28 3 4.9209296274474601e-01
29 3 2.6132463169488096e-01
30 3 1.5906679567823875e-02
31 3 1.9162676889900483e-02
32 3 2.6199975352921595e-02
33 3 4.3747497686987486e-03
34 3 0.0000000000000000e+00
35 3 9.2060513404407258e-03
36 3 1.7267670578184415e-04
37 3 1.5935977140677149e-01
38 3 1.2274510428139584e+00
39 3 9.5984445029931265e-01
40 3 1.3100887177470555e+00
41 3 1.7968405866938042e+00
42 3 3.2377286111245094e+00
43 3 3.7600052324326425e+00
44 3 3.7899181178359460e+00
45 3 3.3711091655070793e+00
46 3 2.9407207047873456e+00
47 3 1.5513873786082861e+00
48 3 9.4257159559653469e-01
49 3 0.0000000000000000e+00
50 3 1.4016414735268394e-02
51 3 6.7563767752791765e-03
52 3 9.5229298886466396e-01
53 3 1.2992118640496426e+00
54 3 8.1881116142620647e-01
55 3 8.6471113506341224e-01
56 3 1.6665581175307045e+00
57 3 4.0898532075664129e-02
58 3 0.0000000000000000e+00
59 3 0.0000000000000000e+00
60 3 1.8849357575170950e-01
61 3 1.5114200228802204e+00
62 3 3.2563689779953644e+00
63 3 4.1631306927131249e+00
64 3 3.3335662421453227e+00
65 3 3.5763210184503329e+00
66 3 3.2721312723706482e+00
67 3 3.3069274156650863e+00
68 3 1.1663749696185921e+00
69 3 9.3448521480746098e+00
70 3 9.0039809201508381e-01
71 3 1.2857761825675107e-01
72 3 1.6371826139179527e-05
73 3 0.0000000000000000e+00
74 3 0.0000000000000000e+00
75 3 0.0000000000000000e+00
76 3 2.5408716318372861e-02
77 3 2.8064426282191794e+00
78 3 1.5215340984395940e+00
79 3 2.8370021393483795e+00
80 3 3.2729154841093330e-02
81 3 0.0000000000000000e+00
82 3 0.0000000000000000e+00
83 3 0.0000000000000000e+00
84 3 3.8703795626388987e-01
85 3 4.3276280282820323e-01
86 3 5.7209050203010969e-01
87 3 1.3581943354298995e+00
88 3 1.7979044345754374e+00
89 3 3.8721142538458753e+00
90 3 3.5437308713042688e+00
91 3 6.5651594837713061e+00
92 3 1.5108354656004320e+01
93 3 4.2320966216784903e+00
94 3 1.4692100701745142e-01
95 3 0.0000000000000000e+00
96 3 0.0000000000000000e+00
97 3 0.0000000000000000e+00
98 3 0.0000000000000000e+00
99 3 0.0000000000000000e+00
100 3 0.0000000000000000e+00
101 3 2.8450238724734074e-02
102 3 7.0144736153626241e-01
103 3 5.5880334915069864e-02
104 3 1.3363699792560502e-03
105 3 0.0000000000000000e+00
106 3 0.0000000000000000e+00
107 3 6.5307788597646923e-04
108 3 7.2180598419040773e-02
109 3 5.3079239697517218e-02
110 3 1.3998505250759711e-02
111 3 3.7255237084234771e-01
112 3 2.3772188905355565e-01
113 3 6.8485908495423686e-01
114 3 7.1684071620958756e+00
115 3 1.8484834547124578e+01
116 3 1.1273164308340297e+01
117 3 8.8963008350457576e-02
118 3 0.0000000000000000e+00
119 3 0.0000000000000000e+00
120 3 0.0000000000000000e+00
121 3 0.0000000000000000e+00
122 3 0.0000000000000000e+00
123 3 0.0000000000000000e+00
124 3 0.0000000000000000e+00
125 3 0.0000000000000000e+00
126 3 9.4069515917082134e-04
127 3 4.8777941427925758e-01
128 3 1.6790636659518652e+00
129 3 2.7741295075435612e-01
130 3 0.0000000000000000e+00
131 3 1.6519008213104020e-03
132 3 1.7653446394278507e+00
133 3 3.4482476025428319e+00
134 3 6.7947685857993170e+00
135 3 3.8164311683426826e+00
136 3 1.0249342665773220e-01
137 3 0.0000000000000000e+00
138 3 2.7069961735631642e-01
139 3 1.6438027618027191e+00
140 3 2.1782746369591477e+00
141 3 4.5935809887203090e-02
142 3 0.0000000000000000e+00
143 3 0.0000000000000000e+00
144 3 0.0000000000000000e+00
145 3 0.0000000000000000e+00
146 3 0.0000000000000000e+00
147 3 0.0000000000000000e+00
148 3 0.0000000000000000e+00
149 3 0.0000000000000000e+00
150 3 0.0000000000000000e+00
151 3 6.5843136136930450e-02
152 3 2.7565354492220804e+00
153 3 5.8558410074863234e+00
154 3 3.8002514027842582e-01
155 3 0.0000000000000000e+00
156 3 0.0000000000000000e+00
157 3 6.0475838822910508e-02
158 3 9.1969067549005672e+00
159 3 1.3017749536879160e+00
160 3 3.2839112596519749e-03
161 3 0.0000000000000000e+00
162 3 0.0000000000000000e+00
163 3 7.0024383768534176e-02
164 3 4.3872844680744444e-01
165 3 1.6438702733591418e-01
166 3 5.5240483718810629e-01
167 3 0.0000000000000000e+00
168 3 0.0000000000000000e+00
169 3 0.0000000000000000e+00
170 3 0.0000000000000000e+00
171 3 0.0000000000000000e+00
172 3 0.0000000000000000e+00
173 3 0.0000000000000000e+00
174 3 0.0000000000000000e+00
175 3 0.0000000000000000e+00
176 3 3.4934893352844809e-01
177 3 3.1892622173065188e+00
178 3 8.3427468394359924e-02
179 3 0.0000000000000000e+00
180 3 0.0000000000000000e+00
181 3 7.5720278442671799e-03
182 3 1.8306198888863452e+00
183 3 6.5651095661552661e-01
184 3 1.9392882231532654e-01
185 3 0.0000000000000000e+00
186 3 0.0000000000000000e+00
187 3 0.0000000000000000e+00
188 3 5.2000641153611804e-02
189 3 2.2632000426440183e-01
190 3 1.8178806387790894e-01
191 3 1.0680361990412049e-02
192 3 0.0000000000000000e+00
193 3 0.0000000000000000e+00
194 3 0.0000000000000000e+00
195 3 0.0000000000000000e+00
196 3 0.0000000000000000e+00
197 3 0.0000000000000000e+00
198 3 0.0000000000000000e+00
199 3 0.0000000000000000e+00
200 3 4.4343539695407685e-01
201 3 7.0357217087783766e-02
202 3 0.0000000000000000e+00
203 3 0.0000000000000000e+00
204 3 0.0000000000000000e+00
205 3 0.0000000000000000e+00
206 3 1.1212903775076592e-01
207 3 2.2135055177376070e-04
208 3 0.0000000000000000e+00
209 3 0.0000000000000000e+00
210 3 0.0000000000000000e+00
211 3 0.0000000000000000e+00
212 3 7.0883119458562465e-03
213 3 4.3577740799763898e-02
214 3 2.6453315683765560e-01
215 3 5.8827942483019981e-03
216 3 8.2385453063993225e-03
217 3 0.0000000000000000e+00
218 3 0.0000000000000000e+00
219 3 0.0000000000000000e+00
220 3 0.0000000000000000e+00
221 3 0.0000000000000000e+00
222 3 0.0000000000000000e+00
223 3 0.0000000000000000e+00
224 3 1.2392473657397833e-01
225 3 0.0000000000000000e+00
226 3 0.0000000000000000e+00
227 3 0.0000000000000000e+00
228 3 0.0000000000000000e+00
229 3 0.0000000000000000e+00
230 3 0.0000000000000000e+00
231 3 0.0000000000000000e+00
232 3 0.0000000000000000e+00
233 3 0.0000000000000000e+00
234 3 0.0000000000000000e+00
235 3 0.0000000000000000e+00
236 3 0.0000000000000000e+00
237 3 0.0000000000000000e+00
238 3 0.0000000000000000e+00
239 3 0.0000000000000000e+00
240 3 5.7804581763355105e-04
241 3 0.0000000000000000e+00
242 3 0.0000000000000000e+00
243 3 0.0000000000000000e+00
244 3 0.0000000000000000e+00
245 3 0.0000000000000000e+00
246 3 0.0000000000000000e+00
247 3 0.0000000000000000e+00
248 3 0.0000000000000000e+00
249 3 0.0000000000000000e+00
250 3 0.0000000000000000e+00
251 3 0.0000000000000000e+00
252 3 0.0000000000000000e+00
253 3 0.0000000000000000e+00
254 3 0.0000000000000000e+00
255 3 0.0000000000000000e+00
256 3 0.0000000000000000e+00
257 3 0.0000000000000000e+00
258 3 0.0000000000000000e+00
259 3 0.0000000000000000e+00
260 3 0.0000000000000000e+00
261 3 0.0000000000000000e+00
262 3 0.0000000000000000e+00
263 3 0.0000000000000000e+00
264 3 0.0000000000000000e+00
265 3 0.0000000000000000e+00
266 3 0.0000000000000000e+00
267 3 0.0000000000000000e+00
268 3 0.0000000000000000e+00
269 3 0.0000000000000000e+00
270 3 0.0000000000000000e+00
271 3 0.0000000000000000e+00
272 3 0.0000000000000000e+00
273 3 0.0000000000000000e+00
274 3 0.0000000000000000e+00
275 3 0.0000000000000000e+00
276 3 0.0000000000000000e+00
277 3 0.0000000000000000e+00
278 3 0.0000000000000000e+00
279 3 0.0000000000000000e+00
280 3 0.0000000000000000e+00
281 3 0.0000000000000000e+00
282 3 0.0000000000000000e+00
283 3 0.0000000000000000e+00
284 3 0.0000000000000000e+00
285 3 0.0000000000000000e+00
286 3 0.0000000000000000e+00
287 3 0.0000000000000000e+00
288 3 0.0000000000000000e+00
1 4 0.0000000000000000e+00
2 4 0.0000000000000000e+00
3 4 0.0000000000000000e+00
4 4 0.0000000000000000e+00
5 4 2.3425421699030630e-02
6 4 3.1809175580423663e-02
7 4 5.6305435341044770e-02
8 4 1.2696635126577921e-02
9 4 4.3343192957561604e-04
10 4 4.9628149202558185e-04
11 4 6.8755212921131289e-04
12 4 0.0000000000000000e+00
13 4 0.0000000000000000e+00
14 4 1.3151069510831673e-02
15 4 0.0000000000000000e+00
16 4 3.6219798144386783e-04
17 4 2.9729132545619540e-04
18 4 0.0000000000000000e+00
19 4 5.1896645853553615e-02
20 4 0.0000000000000000e+00
21 4 0.0000000000000000e+00
22 4 1.1670280741022603e-02
23 4 0.0000000000000000e+00
24 4 0.0000000000000000e+00
25 4 3.5318584766656641e-02
26 4 1.8043034008213132e-01
27 4 5.2416615057866310e-04
28 4 8.6391275601353001e-01
29 4 1.2478404076049451e-03
30 4 1.2704290412126498e-01
31 4 1.1272967014265692e-01
32 4 8.2578199780716538e-02
33 4 2.9182985089918786e-02
34 4 4.5466146936916395e-04
35 4 8.4871664960938578e-02
36 4 0.0000000000000000e+00
37 4 1.9923816925426929e-01
38 4 1.9012229558751756e-03
39 4 2.4694592495637544e-03
40 4 1.3566080146915278e-03
41 4 9.2309858506444653e-01
42 4 1.2120820742371836e+00
43 4 1.9955056135517943e-03
44 4 1.4037408971948921e-03
45 4 4.5503264134068857e+00
46 4 1.4660907460744288e-03
47 4 3.6034699828013161e-01
48 4 1.2704657479961601e-01
49 4 0.0000000000000000e+00
50 4 4.4811912508971222e-02
51 4 2.0576605771481196e-02
52 4 2.6568359732752041e-03
53 4 5.0637572208455772e-04
54 4 3.7873924186842434e-01
55 4 8.2402204323499678e-03
56 4 6.3775042649032165e-03
57 4 1.5131644643870479e+00
58 4 0.0000000000000000e+00
59 4 0.0000000000000000e+00
60 4 5.0294521561819960e-01
61 4 1.1148751147861684e-03
62 4 5.1320054775387657e-03
63 4 2.6168822087106705e+00
64 4 1.4717984323874469e-03
65 4 1.4358725153752470e-03
66 4 1.7293969405016562e-03
67 4 2.2320216043770482e-03
68 4 3.6583465331311850e-04
69 4 2.4550082467039890e-02
70 4 4.5879886423079279e+00
71 4 5.1935703057799050e-02
72 4 0.0000000000000000e+00
73 4 0.0000000000000000e+00
74 4 0.0000000000000000e+00
75 4 0.0000000000000000e+00
76 4 1.0994672487084180e-01
77 4 1.9047105649650777e+00
78 4 2.3217533808527699e+00
79 4 8.0421579365280039e-03
80 4 3.5626307831504983e-01
81 4 0.0000000000000000e+00
82 4 0.0000000000000000e+00
83 4 0.0000000000000000e+00
84 4 8.3118181411015923e-04
85 4 5.5728536343510149e-01
86 4 6.0569023356245380e-03
87 4 1.7274966367373222e-03
88 4 6.6106132309527313e-03
89 4 1.6590104656203277e-03
90 4 4.2355849213550597e-03
91 4 7.1343898789332993e-01
92 4 3.8268994111707345e-02
93 4 4.4960331354602312e-02
94 4 4.6871089236564317e-01
95 4 0.0000000000000000e+00
96 4 0.0000000000000000e+00
97 4 0.0000000000000000e+00
98 4 0.0000000000000000e+00
99 4 0.0000000000000000e+00
100 4 0.0000000000000000e+00
101 4 2.5341070691131146e-02
102 4 3.0443513102896341e-01
103 4 1.4528817294767390e-01
104 4 4.0980456075616088e-02
105 4 0.0000000000000000e+00
106 4 0.0000000000000000e+00
107 4 6.6392268568991209e-03
108 4 1.4179562972315106e-03
109 4 1.6786389194934262e-03
110 4 5.2509972431932402e-02
111 4 1.5887621327973271e+00
112 4 1.5347243938061319e+00
113 4 5.1388891468642095e+00
114 4 1.8621083259207232e-02
115 4 8.4711284914105369e-03
116 4 1.8424074240549204e-02
117 4 7.7004006968472360e-01
118 4 0.0000000000000000e+00
119 4 0.0000000000000000e+00
120 4 0.0000000000000000e+00
121 4 0.0000000000000000e+00
122 4 0.0000000000000000e+00
123 4 0.0000000000000000e+00
124 4 0.0000000000000000e+00
125 4 0.0000000000000000e+00
126 4 2.0366626544842750e-02
127 4 8.4768961045894717e-04
128 4 3.7965744920742739e-01
129 4 9.6769863930097746e-02
130 4 0.0000000000000000e+00
131 4 1.8528610312301491e-02
132 4 1.0826130954471548e-03
133 4 7.3307382143218639e-03
134 4 9.8148753707169266e-03
135 4 6.9229438177214929e-03
136 4 2.4732224218439736e-01
137 4 0.0000000000000000e+00
138 4 4.0325103448010058e-01
139 4 2.9805781083720845e-01
140 4 3.8239228177995871e-01
141 4 8.4918152381196224e-02
142 4 0.0000000000000000e+00
143 4 0.0000000000000000e+00
144 4 0.0000000000000000e+00
145 4 0.0000000000000000e+00
146 4 0.0000000000000000e+00
147 4 0.0000000000000000e+00
148 4 0.0000000000000000e+00
149 4 0.0000000000000000e+00
150 4 0.0000000000000000e+00
151 4 2.2686220821149084e-04
152 4 1.5987524811299880e-03
153 4 8.5263668510555612e-01
154 4 9.5709950482007533e-02
155 4 0.0000000000000000e+00
156 4 0.0000000000000000e+00
157 4 7.4340876282055360e-03
158 4 1.5867391214457276e-02
159 4 7.8833983306084588e-03
160 4 2.0569678232340675e-02
161 4 0.0000000000000000e+00
162 4 0.0000000000000000e+00
163 4 5.2615154833795183e-02
164 4 2.5546914064308818e-01
165 4 5.0281900973790400e-02
166 4 7.5501462301468536e-02
167 4 0.0000000000000000e+00
168 4 0.0000000000000000e+00
169 4 0.0000000000000000e+00
170 4 0.0000000000000000e+00
171 4 0.0000000000000000e+00
172 4 0.0000000000000000e+00
173 4 0.0000000000000000e+00
174 4 0.0000000000000000e+00
175 4 0.0000000000000000e+00
176 4 1.1886030336193807e-04
177 4 3.9375424319492930e-01
178 4 5.8430646742705469e-02
179 4 0.0000000000000000e+00
180 4 0.0000000000000000e+00
181 4 2.9299291410824846e-03
182 4 1.2188413158498309e-03
183 4 3.4183648614430435e+00
184 4 1.6776887109673497e-01
185 4 0.0000000000000000e+00
186 4 0.0000000000000000e+00
187 4 0.0000000000000000e+00
188 4 2.4900465882631275e-03
189 4 1.5190197514226393e-02
190 4 1.8556135059377265e-02
191 4 1.4270650743971937e-02
192 4 0.0000000000000000e+00
193 4 0.0000000000000000e+00
194 4 0.0000000000000000e+00
195 4 0.0000000000000000e+00
196 4 0.0000000000000000e+00
197 4 0.0000000000000000e+00
198 4 0.0000000000000000e+00
199 4 0.0000000000000000e+00
200 4 5.7082702383689232e-02
201 4 3.5369731977160604e-02
202 4 0.0000000000000000e+00
203 4 0.0000000000000000e+00
204 4 0.0000000000000000e+00
205 4 0.0000000000000000e+00
206 4 1.8571719989754807e-04
207 4 0.0000000000000000e+00
208 4 0.0000000000000000e+00
209 4 0.0000000000000000e+00
210 4 0.0000000000000000e+00
211 4 0.0000000000000000e+00
212 4 1.1002629096518557e-02
213 4 6.2238817271797050e-03
214 4 4.3082988543993735e-02
215 4 2.7486759253358126e-02
216 4 2.3244517887607254e-02
217 4 0.0000000000000000e+00
218 4 0.0000000000000000e+00
219 4 0.0000000000000000e+00
220 4 0.0000000000000000e+00
221 4 0.0000000000000000e+00
222 4 0.0000000000000000e+00
223 4 0.0000000000000000e+00
224 4 3.9976663979214615e-02
225 4 0.0000000000000000e+00
226 4 0.0000000000000000e+00
227 4 0.0000000000000000e+00
228 4 0.0000000000000000e+00
229 4 0.0000000000000000e+00
230 4 0.0000000000000000e+00
231 4 0.0000000000000000e+00
232 4 0.0000000000000000e+00
233 4 0.0000000000000000e+00
234 4 0.0000000000000000e+00
235 4 0.0000000000000000e+00
236 4 0.0000000000000000e+00
237 4 0.0000000000000000e+00
238 4 0.0000000000000000e+00
239 4 0.0000000000000000e+00
240 4 2.2273981081078159e-03
241 4 0.0000000000000000e+00
242 4 0.0000000000000000e+00
243 4 0.0000000000000000e+00
244 4 0.0000000000000000e+00
245 4 3.8193777111200861e-05
246 4 6.1284791083374417e-05
247 4 3.8274037318217079e-05
248 4 1.2189026798535495e-03
249 4 0.0000000000000000e+00
250 4 0.0000000000000000e+00
251 4 0.0000000000000000e+00
252 4 3.0431294750886703e-05
253 4 6.1467579334727339e-05
254 4 1.4697751671740151e-05
255 4 2.1182983781002662e-04
256 4 1.6425183503478218e-04
257 4 3.3840261657685178e-05
258 4 6.9151759054194231e-05
259 4 8.5225406493133206e-05
260 4 1.4984059985914295e-04
261 4 2.1809332691709690e-04
262 4 9.2852410749763166e-05
263 4 1.2108442364233376e-04
264 4 1.2640808021516952e-04
265 4 0.0000000000000000e+00
266 4 8.2216330327344620e-05
267 4 7.0259981113821688e-05
268 4 0.0000000000000000e+00
269 4 6.4357766988923552e-05
270 4 3.8693639802639881e-05
271 4 1.5065073188164007e-04
272 4 1.9391518420033625e-05
273 4 2.2575666049007939e-05
274 4 5.1782160320551681e-05
275 4 6.8772722706621952e-04
276 4 0.0000000000000000e+00
277 4 0.0000000000000000e+00
278 4 0.0000000000000000e+00
279 4 0.0000000000000000e+00
280 4 0.0000000000000000e+00
281 4 0.0000000000000000e+00
282 4 0.0000000000000000e+00
283 4 0.0000000000000000e+00
284 4 0.0000000000000000e+00
285 4 0.0000000000000000e+00
286 4 0.0000000000000000e+00
287 4 1.7032948225352227e-05
288 4 7.9535571259225931e-06
1 5 4.7697173435217319e+00
2 5 4.5772511825638968e+00
3 5 4.4146936045105649e+00
4 5 4.2119366133637657e+00
5 5 3.9931902581359644e+00
6 5 3.7426739319335947e+00
7 5 3.3650888922041746e+00
8 5 3.6912512970410356e+00
9 5 4.5157237542482989e+00
10 5 3.2534833958909721e+00
11 5 1.9969901688221519e+00
12 5 2.7403566508177910e+00
13 5 2.7815422901043236e+00
14 5 2.4596670415134030e+00
15 5 2.5838712675332038e+00
16 5 2.8336561072339204e+00
17 5 3.1375015580767691e+00
18 5 3.5206515036519832e+00
19 5 4.1457194100880104e+00
20 5 4.7803391375563375e+00
21 5 5.1826047427528534e+00
22 5 5.4886433114483681e+00
23 5 5.6184747278953209e+00
24 5 5.1119984017706610e+00
25 5 4.6234455464135369e+00
26 5 4.5508106562195589e+00
27 5 4.4581419766432671e+00
28 5 4.2317235767664805e+00
29 5 4.0310606688451207e+00
30 5 3.8779072751061996e+00
31 5 3.8795558937145245e+00
32 5 3.2007043172410246e+00
33 5 2.0958029087907133e+00
34 5 3.9379673517003604e+00
35 5 4.3647902363703768e+00
36 5 3.4452606024439962e+00
37 5 3.1460244796559143e+00
38 5 2.0160869934225016e+00
39 5 2.4603650864496229e+00
40 5 2.7843502933198510e+00
41 5 3.0651590410462668e+00
42 5 3.2865493543826751e+00
43 5 0.0000000000000000e+00
44 5 5.0222147800687651e+00
45 5 5.2862832439865528e+00
46 5 5.6718621875399684e+00
47 5 6.2611811869700000e+00
48 5 4.9521350644005810e+00
49 5 4.2285164583759256e+00
50 5 4.4907149600463878e+00
51 5 4.6394048377451904e+00
52 5 4.7604735967737666e+00
53 5 0.0000000000000000e+00
54 5 3.8710208530969101e+00
55 5 3.8715188782256593e+00
56 5 3.1416664716524521e+00
57 5 3.0879610631070435e+00
58 5 3.5126968556137648e+00
59 5 3.7131923952778125e+00
60 5 3.5267102341718517e+00
61 5 4.3364733690878294e+00
62 5 5.3370403245970577e+00
63 5 4.0654610558424659e-01
64 5 0.0000000000000000e+00
65 5 0.0000000000000000e+00
66 5 0.0000000000000000e+00
67 5 0.0000000000000000e+00
68 5 0.0000000000000000e+00
69 5 0.0000000000000000e+00
70 5 3.6327693271409403e+00
71 5 2.5598948605652980e+00
72 5 3.8201007290606479e+00
73 5 3.9769463350694516e+00
74 5 4.6030713588867114e+00
75 5 4.8471580709988311e+00
76 5 4.8851612473670221e+00
77 5 4.3857310744571496e+00
78 5 0.0000000000000000e+00
79 5 1.3990297289914492e+01
80 5 6.4679497164192572e+00
81 5 3.6010568110909600e+00
82 5 3.3068194944069145e+00
83 5 3.4423602648684075e+00
84 5 2.6100112974421332e+00
85 5 4.7109400874030234e+00
86 5 3.1598107046668411e+00
87 5 1.6079473443858008e+00
88 5 0.0000000000000000e+00
89 5 0.0000000000000000e+00
90 5 0.0000000000000000e+00
91 5 0.0000000000000000e+00
92 5 0.0000000000000000e+00
93 5 2.2945598455008529e+00
94 5 4.7063134342777575e+00
95 5 2.7852641148849506e+00
96 5 3.5350746372283481e+00
97 5 3.6411109286550079e+00
98 5 4.5503274221406773e+00
99 5 5.2608892026006941e+00
100 5 5.5492860302325662e+00
101 5 4.5958072564106676e+00
102 5 4.6305197194831100e+00
103 5 7.5271515239542808e+00
104 5 7.8358841144834059e+00
105 5 9.0288668145363840e+00
106 5 7.6509999997777562e+00
107 5 4.1385704997541968e+00
108 5 2.4142701301200327e+00
109 5 0.0000000000000000e+00
110 5 0.0000000000000000e+00
111 5 2.9256459467773808e+00
112 5 7.2543547484101030e+00
113 5 5.0452868922414522e+00
114 5 2.2773752973061039e+00
115 5 2.1247175146373851e+00
116 5 2.8082870110636353e+00
117 5 3.9709842377533642e+00
118 5 6.0077866948728520e+00
119 5 4.2759927833281353e+00
120 5 3.6109231343752577e+00
121 5 1.7927746250487495e+00
122 5 1.6354849774890317e+00
123 5 1.1568167782432959e+00
124 5 7.0789301519408687e-01
125 5 1.0091311842114969e+00
126 5 1.5458818599743644e+00
127 5 2.6181252875351619e+00
128 5 4.6889321249850351e+00
129 5 5.2272859090691428e+00
130 5 2.2998373412515347e+00
131 5 1.1250824066990857e+00
132 5 1.1159173642448239e+00
133 5 1.0763495378819439e+00
134 5 0.0000000000000000e+00
135 5 2.5740492228171581e+00
136 5 2.2134293210544844e+00
137 5 2.8375708977329377e+00
138 5 2.4312214322546115e+00
139 5 1.9730043727940507e+00
140 5 1.6452587698368615e+00
141 5 1.7330028012581435e+00
142 5 2.0176030364325541e+00
143 5 2.1357105666676555e+00
144 5 2.0534932883993413e+00
145 5 1.7311396271981463e+00
146 5 2.0964921902615896e+00
147 5 2.1351677756187750e+00
148 5 2.2506764081864858e+00
149 5 2.1823714552453048e+00
150 5 2.0554528073286513e+00
151 5 1.5573637035064418e+00
152 5 0.0000000000000000e+00
153 5 1.7552731771201946e+00
154 5 1.7552368169820982e+00
155 5 2.3579035880879582e+00
156 5 2.0264712139934931e+00
157 5 1.0385659096564679e+00
158 5 0.0000000000000000e+00
159 5 1.8497343429005448e+00
160 5 2.9769012865288627e+00
161 5 2.8629926994912447e+00
162 5 2.5922333709958276e+00
163 5 2.9539602196853960e+00
164 5 4.3415335360919043e+00
165 5 5.1745490211354088e+00
166 5 3.2944414405338396e+00
167 5 2.5122075550083278e+00
168 5 1.7781401198762798e+00
169 5 4.7816374501553343e+00
170 5 4.2561318831384023e+00
171 5 3.7331973759900916e+00
172 5 3.0096624385068966e+00
173 5 2.7615263882957262e+00
174 5 2.9377236010943881e+00
175 5 2.2518027904803439e+00
176 5 1.2144077755310401e+00
177 5 1.4915026668531166e+00
178 5 2.6635790749674544e+00
179 5 3.2527647099091355e+00
180 5 2.7164200359927788e+00
181 5 1.7775326321790170e+00
182 5 8.8863139577198147e-01
183 5 5.3487484230128999e+00
184 5 4.9632783468993349e+00
185 5 5.4896644264176695e+00
186 5 5.9741357700232518e+00
187 5 4.8639241764639936e+00
188 5 3.2232851670136045e+00
189 5 3.2288980899954454e+00
190 5 6.0362495657070001e+00
191 5 4.8131766452689089e+00
192 5 4.7043739819843191e+00
193 5 4.5289793342255269e+00
194 5 5.0425824375235386e+00
195 5 3.7509740874764734e+00
196 5 3.1641952694611408e+00
197 5 2.9178837964407993e+00
198 5 2.8741152882843348e+00
199 5 2.8569592624555891e+00
200 5 2.4343399220801309e+00
201 5 5.9913028485650619e+00
202 5 4.1751175703334011e+00
203 5 3.5259227583542825e+00
204 5 3.1525445870654902e+00
205 5 3.1107333374173427e+00
206 5 4.2485617301258447e+00
207 5 5.2859281685011155e+00
208 5 4.6355676367442697e+00
209 5 4.4713632622195698e+00
210 5 3.7636704120089357e+00
211 5 4.0467086968386514e+00
212 5 3.6892472942530157e+00
213 5 3.7328473251559386e+00
214 5 3.8024876326426584e+00
215 5 4.0230546346435521e+00
216 5 3.9925897615547106e+00
217 5 4.6820933494734787e+00
218 5 2.8715160337672470e+00
219 5 3.0683053492744596e+00
220 5 2.9819826740720172e+00
221 5 2.8753624152202559e+00
222 5 2.7875305096368597e+00
223 5 2.6499458064313237e+00
224 5 2.3007461727453311e+00
225 5 3.8903476344039443e+00
226 5 4.5234882383697634e+00
227 5 3.5262704374834835e+00
228 5 3.2602700050521372e+00
229 5 3.2674092731011828e+00
230 5 3.4640689410540748e+00
231 5 2.9976263884405228e+00
232 5 3.8242107638276379e+00
233 5 3.9997790329862730e+00
234 5 3.8694450520708834e+00
235 5 3.8740783411453110e+00
236 5 3.7579767098071279e+00
237 5 3.7108725508359113e+00
238 5 3.6564698362384593e+00
239 5 3.4872265689709812e+00
240 5 2.7396579186050447e+00
241 5 3.9108401431451223e+00
242 5 3.4639070374724681e+00
243 5 2.6715646558855934e+00
244 5 2.8223540247320624e+00
245 5 2.8158193272128202e+00
246 5 2.7520698587311441e+00
247 5 2.6550727686624094e+00
248 5 2.5658396383079198e+00
249 5 2.7489889177488478e+00
250 5 1.9799490089104477e+00
251 5 2.7959905359719173e+00
252 5 3.0959192029539566e+00
253 5 3.2345424268776419e+00
254 5 3.3431321987534246e+00
255 5 3.3337988758274992e+00
256 5 3.6631571957688798e+00
257 5 3.8338613548272806e+00
258 5 3.8410536252593466e+00
259 5 3.8233174644095258e+00
260 5 3.7585646888265192e+00
261 5 3.6974858858745150e+00
262 5 3.6271397941089152e+00
263 5 3.5311965181340161e+00
264 5 3.4815115591060342e+00
265 5 4.0178128071993946e+00
266 5 4.4032041317641442e+00
267 5 1.3334734579364180e+00
268 5 0.0000000000000000e+00
269 5 0.0000000000000000e+00
270 5 0.0000000000000000e+00
271 5 0.0000000000000000e+00
272 5 2.5609422519079161e+00
273 5 2.5603835802915902e+00
274 5 2.3739241900083949e+00
275 5 2.5830552100522262e+00
276 5 0.0000000000000000e+00
277 5 0.0000000000000000e+00
278 5 0.0000000000000000e+00
279 5 0.0000000000000000e+00
280 5 0.0000000000000000e+00
281 5 0.0000000000000000e+00
282 5 0.0000000000000000e+00
283 5 0.0000000000000000e+00
284 5 0.0000000000000000e+00
285 5 0.0000000000000000e+00
286 5 0.0000000000000000e+00
287 5 3.7426805633755178e+00
288 5 3.7461181056902606e+00
1 6 0.0000000000000000e+00
2 6 0.0000000000000000e+00
3 6 0.0000000000000000e+00
4 6 3.2119383133278170e+01
5 6 6.4803640014971847e+02
6 6 8.7231820648434461e+02
7 6 1.5222656111273493e+03
8 6 3.3125380599498737e+02
9 6 0.0000000000000000e+00
10 6 0.0000000000000000e+00
11 6 0.0000000000000000e+00
12 6 0.0000000000000000e+00
13 6 6.3498795012203772e+01
14 6 3.3801820381307965e+02
15 6 0.0000000000000000e+00
16 6 0.0000000000000000e+00
17 6 0.0000000000000000e+00
18 6 1.3321986601170704e+02
19 6 1.4346641171922654e+03
20 6 1.0776155919242731e+03
21 6 0.0000000000000000e+00
22 6 3.2068900856495384e+02
23 6 0.0000000000000000e+00
24 6 0.0000000000000000e+00
25 6 9.8345119614087400e+02
26 6 2.4204319855549597e+03
27 6 2.5986974488496139e+03
28 6 2.3093337600834720e+03
29 6 3.5287323233605307e+03
30 6 3.2670520287027834e+03
31 6 3.0474741918953209e+03
32 6 2.2334640566540747e+03
33 6 7.8475864744745957e+02
34 6 0.0000000000000000e+00
35 6 2.2576131384652635e+03
36 6 2.3326999704093745e+02
37 6 5.0024502172972716e+03
38 6 9.3643923733525662e+03
39 6 5.0432689827639806e+03
40 6 6.7931559097738973e+03
41 6 8.2315691538594256e+03
42 6 1.2400264655099107e+04
43 6 9.9931403324939783e+03
44 6 7.0460512844202203e+03
45 6 5.6096845664909451e+03
46 6 6.5207828719891286e+03
47 6 3.5081363237375117e+03
48 6 3.6130863530522756e+03
49 6 0.0000000000000000e+00
50 6 1.2197064429281925e+03
51 6 5.6332549701676749e+02
52 6 1.0396489391659083e+04
53 6 7.4154902873986503e+03
54 6 6.1849068127372821e+03
55 6 8.6547124034433073e+03
56 6 2.3168060444450224e+04
57 6 2.4008561633349518e+03
58 6 0.0000000000000000e+00
59 6 0.0000000000000000e+00
60 6 5.6168993631682242e+03
61 6 1.5562865591016131e+04
62 6 1.5003777202275438e+04
63 6 1.3178013269369156e+04
64 6 6.5523754792758255e+03
65 6 7.0451394990609760e+03
66 6 8.4383705779436932e+03
67 6 1.1117104822757305e+04
68 6 5.4068689824618823e+03
69 6 1.5641815889598347e+04
70 6 3.0475620939624559e+03
71 6 1.3822281128020816e+03
72 6 3.9713867956526954e+01
73 6 0.0000000000000000e+00
74 6 0.0000000000000000e+00
75 6 0.0000000000000000e+00
76 6 1.6602662035542519e+03
77 6 4.6775413169815860e+04
78 6 7.3356802448019098e+03
79 6 3.6139867667173807e+04
80 6 7.3483727482711556e+03
81 6 0.0000000000000000e+00
82 6 0.0000000000000000e+00
83 6 0.0000000000000000e+00
84 6 3.7898644093408743e+03
85 6 3.5946934499003873e+03
86 6 4.3467337582675591e+03
87 6 8.0027345191972081e+03
88 6 1.1537164326711259e+04
89 6 1.5698605472339232e+04
90 6 1.8598792753165806e+04
91 6 1.2473178041570178e+04
92 6 2.3635328361584230e+04
93 6 1.4113549809978660e+04
94 6 9.7355053495385073e+03
95 6 0.0000000000000000e+00
96 6 0.0000000000000000e+00
97 6 0.0000000000000000e+00
98 6 0.0000000000000000e+00
99 6 0.0000000000000000e+00
100 6 0.0000000000000000e+00
101 6 3.4289083032705634e+02
102 6 5.5409097388346599e+03
103 6 2.2494268057540444e+03
104 6 7.3168741607195466e+02
105 6 0.0000000000000000e+00
106 6 0.0000000000000000e+00
107 6 1.1005075107344304e+02
108 6 1.6616760220746878e+03
109 6 1.3243562127454575e+03
110 6 1.2667919465337116e+03
111 6 5.7367504301393374e+03
112 6 2.1074655566984766e+03
113 6 9.0315297811659075e+03
114 6 4.2532080746644104e+04
115 6 3.2422812673395434e+04
116 6 4.1700083873458942e+04
117 6 1.6391939161402075e+04
118 6 0.0000000000000000e+00
119 6 0.0000000000000000e+00
120 6 0.0000000000000000e+00
121 6 0.0000000000000000e+00
122 6 0.0000000000000000e+00
123 6 0.0000000000000000e+00
124 6 0.0000000000000000e+00
125 6 0.0000000000000000e+00
126 6 4.1725854492764728e+02
127 6 8.1450626145496499e+03
128 6 6.7749868910897376e+03
129 6 2.4146805265919452e+03
130 6 0.0000000000000000e+00
131 6 3.2451506558920312e+02
132 6 1.0274520735905930e+04
133 6 2.1155900690420422e+04
134 6 1.2409063140235055e+04
135 6 2.6110525727399727e+04
136 6 1.1086573522547260e+03
137 6 0.0000000000000000e+00
138 6 8.0959345359345707e+03
139 6 6.4219765634140940e+03
140 6 8.5308662938912421e+03
141 6 1.4859308252978042e+03
142 6 0.0000000000000000e+00
143 6 0.0000000000000000e+00
144 6 0.0000000000000000e+00
145 6 0.0000000000000000e+00
146 6 0.0000000000000000e+00
147 6 0.0000000000000000e+00
148 6 0.0000000000000000e+00
149 6 0.0000000000000000e+00
150 6 0.0000000000000000e+00
151 6 9.9548803422654214e+02
152 6 7.1791461625337997e+03
153 6 1.3765826570889381e+04
154 6 1.9457301062128979e+03
155 6 0.0000000000000000e+00
156 6 0.0000000000000000e+00
157 6 6.2975964687082887e+02
158 6 2.2968251200537386e+04
159 6 1.3739653235467084e+04
160 6 4.9370045826213868e+02
161 6 0.0000000000000000e+00
162 6 0.0000000000000000e+00
163 6 1.1356310990522204e+03
164 6 4.5493808261431541e+03
165 6 9.9522440337047919e+02
166 6 1.8535092297500767e+03
167 6 0.0000000000000000e+00
168 6 0.0000000000000000e+00
169 6 0.0000000000000000e+00
170 6 0.0000000000000000e+00
171 6 0.0000000000000000e+00
172 6 0.0000000000000000e+00
173 6 0.0000000000000000e+00
174 6 0.0000000000000000e+00
175 6 0.0000000000000000e+00
176 6 1.1513961262486539e+03
177 6 8.8466674489532434e+03
178 6 1.1398684966575322e+03
179 6 0.0000000000000000e+00
180 6 0.0000000000000000e+00
181 6 6.3438990291189910e+01
182 6 2.3380491699093282e+03
183 6 5.6315616943874656e+03
184 6 4.0273841088162376e+03
185 6 0.0000000000000000e+00
186 6 0.0000000000000000e+00
187 6 0.0000000000000000e+00
188 6 5.7115161689974137e+01
189 6 3.8306378086460813e+02
190 6 4.5586208968330067e+02
191 6 2.6947440399133939e+02
192 6 0.0000000000000000e+00
193 6 0.0000000000000000e+00
194 6 0.0000000000000000e+00
195 6 0.0000000000000000e+00
196 6 0.0000000000000000e+00
197 6 0.0000000000000000e+00
198 6 0.0000000000000000e+00
199 6 0.0000000000000000e+00
200 6 9.7215847355876247e+02
201 6 6.6661495399906630e+02
202 6 0.0000000000000000e+00
203 6 0.0000000000000000e+00
204 6 0.0000000000000000e+00
205 6 0.0000000000000000e+00
206 6 8.7078691637610416e+02
207 6 7.7795182667888355e+01
208 6 0.0000000000000000e+00
209 6 0.0000000000000000e+00
210 6 0.0000000000000000e+00
211 6 0.0000000000000000e+00
212 6 2.2752406155151158e+02
213 6 1.5404742304004156e+02
214 6 8.1898152165288457e+02
215 6 5.1955613361094800e+02
216 6 4.9588235653623229e+02
217 6 0.0000000000000000e+00
218 6 0.0000000000000000e+00
219 6 0.0000000000000000e+00
220 6 0.0000000000000000e+00
221 6 0.0000000000000000e+00
222 6 0.0000000000000000e+00
223 6 0.0000000000000000e+00
224 6 1.0413485450163810e+03
225 6 0.0000000000000000e+00
226 6 3.2560029439060258e-06
227 6 0.0000000000000000e+00
228 6 0.0000000000000000e+00
229 6 0.0000000000000000e+00
230 6 0.0000000000000000e+00
231 6 0.0000000000000000e+00
232 6 0.0000000000000000e+00
233 6 1.5867882865833889e-05
234 6 0.0000000000000000e+00
235 6 0.0000000000000000e+00
236 6 0.0000000000000000e+00
237 6 0.0000000000000000e+00
238 6 0.0000000000000000e+00
239 6 0.0000000000000000e+00
240 6 7.2632352460926327e+01
241 6 0.0000000000000000e+00
242 6 0.0000000000000000e+00
243 6 0.0000000000000000e+00
244 6 0.0000000000000000e+00
245 6 0.0000000000000000e+00
246 6 0.0000000000000000e+00
247 6 0.0000000000000000e+00
248 6 0.0000000000000000e+00
249 6 0.0000000000000000e+00
250 6 0.0000000000000000e+00
251 6 0.0000000000000000e+00
252 6 0.0000000000000000e+00
253 6 0.0000000000000000e+00
254 6 0.0000000000000000e+00
255 6 0.0000000000000000e+00
256 6 0.0000000000000000e+00
257 6 0.0000000000000000e+00
258 6 0.0000000000000000e+00
259 6 0.0000000000000000e+00
260 6 0.0000000000000000e+00
261 6 0.0000000000000000e+00
262 6 0.0000000000000000e+00
263 6 0.0000000000000000e+00
264 6 0.0000000000000000e+00
265 6 0.0000000000000000e+00
266 6 0.0000000000000000e+00
267 6 0.0000000000000000e+00
268 6 0.0000000000000000e+00
269 6 0.0000000000000000e+00
270 6 0.0000000000000000e+00
271 6 0.0000000000000000e+00
272 6 0.0000000000000000e+00
273 6 0.0000000000000000e+00
274 6 0.0000000000000000e+00
275 6 0.0000000000000000e+00
276 6 0.0000000000000000e+00
277 6 0.0000000000000000e+00
278 6 0.0000000000000000e+00
279 6 0.0000000000000000e+00
280 6 0.0000000000000000e+00
281 6 0.0000000000000000e+00
282 6 0.0000000000000000e+00
283 6 0.0000000000000000e+00
284 6 0.0000000000000000e+00
285 6 0.0000000000000000e+00
286 6 0.0000000000000000e+00
287 6 0.0000000000000000e+00
288 6 0.0000000000000000e+00
1 7 0.0000000000000000e+00
2 7 0.0000000000000000e+00
3 7 0.0000000000000000e+00
4 7 0.0000000000000000e+00
5 7 2.3253963619269942e+00
6 7 3.1770885139254759e+00
7 7 5.6770019593228174e+00
8 7 1.3124214731221184e+00
9 7 7.6084524336301224e-02
10 7 8.7541110598293601e-02
11 7 1.1950239980853876e-01
12 7 0.0000000000000000e+00
13 7 0.0000000000000000e+00
14 7 1.3623798682701174e+00
15 7 0.0000000000000000e+00
16 7 5.6791606845324305e-02
17 7 4.6688227244487172e-02
18 7 0.0000000000000000e+00
19 7 5.1340540097891934e+00
20 7 0.0000000000000000e+00
21 7 0.0000000000000000e+00
22 7 1.1577608615928658e+00
23 7 0.0000000000000000e+00
24 7 0.0000000000000000e+00
25 7 3.4699357464088902e+00
26 7 1.7951300372475686e+01
27 7 5.3606543545451503e-02
28 7 9.6647584825367545e+01
29 7 1.3681764978956429e-01
30 7 1.3350698553589975e+01
31 7 1.1426481737139847e+01
32 7 8.3739062480253761e+00
33 7 2.9566707361586282e+00
34 7 7.9232885707673922e-02
35 7 8.6683312316376959e+00
36 7 0.0000000000000000e+00
37 7 2.1030896472410298e+01
38 7 1.9939241250337991e-01
39 7 3.4435816457293988e-01
40 7 1.3717019419573614e-01
41 7 9.7933940368190363e+01
42 7 1.1768570640551667e+02
43 7 2.0030160725490337e-01
44 7 1.4001772358595438e-01
45 7 4.3058822356908502e+02
46 7 4.3274615389265580e+00
47 7 3.1293961831017249e+01
48 7 1.2168278941349971e+01
49 7 0.0000000000000000e+00
50 7 4.5267916851596777e+00
51 7 2.0745691982177430e+00
52 7 2.9127897788158830e-01
53 7 5.6524527167212298e-02
54 7 4.4989779459931093e+01
55 7 4.9733958530498223e-01
56 7 7.7953053156376406e-01
57 7 1.8853810402435249e+02
58 7 0.0000000000000000e+00
59 7 0.0000000000000000e+00
60 7 6.4312219247931552e+01
61 7 1.2921880483225237e-01
62 7 5.8790488584973022e-01
63 7 2.9260841865351597e+02
64 7 1.6413649359326390e-01
65 7 1.6388672699019252e-01
66 7 1.8154470773523290e-01
67 7 2.2995353630224530e-01
68 7 3.7193101051352255e-02
69 7 2.5889481641079137e+00
70 7 4.6878204654177995e+02
71 7 5.3021725864967477e+00
72 7 0.0000000000000000e+00
73 7 0.0000000000000000e+00
74 7 0.0000000000000000e+00
75 7 0.0000000000000000e+00
76 7 1.7382999936580735e+01
77 7 2.1641182298499399e+02
78 7 3.1005547259966357e+02
79 7 1.0238366404639390e+00
80 7 5.1507864887609735e+01
81 7 0.0000000000000000e+00
82 7 0.0000000000000000e+00
83 7 0.0000000000000000e+00
84 7 1.0313099354744708e-01
85 7 7.3474720880721037e+01
86 7 6.9461851494990123e-01
87 7 2.1498361837662067e-01
88 7 1.0279632064133468e+00
89 7 2.0004923212140524e-01
90 7 4.4859681368456267e-01
91 7 7.2294582529492303e+01
92 7 3.9675809427476585e+00
93 7 4.6897393818178035e+00
94 7 5.9747910919452686e+01
95 7 0.0000000000000000e+00
96 7 0.0000000000000000e+00
97 7 0.0000000000000000e+00
98 7 0.0000000000000000e+00
99 7 0.0000000000000000e+00
100 7 0.0000000000000000e+00
101 7 3.9614316102055813e+00
102 7 4.2585578973982486e+01
103 7 2.1659667684366770e+01
104 7 5.5737285096307669e+00
105 7 0.0000000000000000e+00
106 7 0.0000000000000000e+00
107 7 9.2577749792986008e-01
108 7 2.0386748744736877e-01
109 7 2.1148084352604818e-01
110 7 5.9815431037312266e+00
111 7 1.7690254548830123e+02
112 7 1.9239904962754841e+02
113 7 5.6682285523979920e+02
114 7 2.2296238570363574e+01
115 7 9.5887032554298968e-01
116 7 1.9166284385424417e+00
117 7 8.3346518321483003e+01
118 7 0.0000000000000000e+00
119 7 0.0000000000000000e+00
120 7 0.0000000000000000e+00
121 7 0.0000000000000000e+00
122 7 0.0000000000000000e+00
123 7 0.0000000000000000e+00
124 7 0.0000000000000000e+00
125 7 0.0000000000000000e+00
126 7 2.5993208171539757e+00
127 7 9.7636845145595577e-02
128 7 4.4233916309683401e+01
129 7 1.0604580948358722e+01
130 7 0.0000000000000000e+00
131 7 2.5312903697492022e+00
132 7 1.9024720772114487e-01
133 7 9.6347621086347635e-01
134 7 1.1691562647257889e+00
135 7 7.1566989311418061e-01
136 7 4.0808845692698902e+01
137 7 0.0000000000000000e+00
138 7 5.1920991777347353e+01
139 7 3.5749143113226786e+01
140 7 4.2804543054278533e+01
141 7 1.2031644605165225e+01
142 7 0.0000000000000000e+00
143 7 0.0000000000000000e+00
144 7 0.0000000000000000e+00
145 7 0.0000000000000000e+00
146 7 0.0000000000000000e+00
147 7 0.0000000000000000e+00
148 7 0.0000000000000000e+00
149 7 0.0000000000000000e+00
150 7 0.0000000000000000e+00
151 7 3.1050698896468915e-02
152 7 1.7760701472617310e-01
153 7 9.0921052950433818e+01
154 7 1.2498568875660052e+01
155 7 0.0000000000000000e+00
156 7 0.0000000000000000e+00
157 7 9.8093404887270685e-01
158 7 3.2424873894343555e+00
159 7 9.7985880095566935e-01
160 7 2.3691394546697389e+00
161 7 0.0000000000000000e+00
162 7 0.0000000000000000e+00
163 7 6.3798100106090248e+00
164 7 3.4179436853231017e+01
165 7 5.7940679233921308e+00
166 7 8.3428934202436906e+00
167 7 0.0000000000000000e+00
168 7 0.0000000000000000e+00
169 7 0.0000000000000000e+00
170 7 0.0000000000000000e+00
171 7 0.0000000000000000e+00
172 7 0.0000000000000000e+00
173 7 0.0000000000000000e+00
174 7 0.0000000000000000e+00
175 7 0.0000000000000000e+00
176 7 1.2917119983784127e-02
177 7 4.6146994508746609e+01
178 7 7.8553334800385297e+00
179 7 0.0000000000000000e+00
180 7 0.0000000000000000e+00
181 7 3.5937274354976800e-01
182 7 5.4454125928745201e-01
183 7 4.0347503595210065e+02
184 7 1.9584114908078273e+01
185 7 0.0000000000000000e+00
186 7 0.0000000000000000e+00
187 7 0.0000000000000000e+00
188 7 2.8408789205849971e-01
189 7 1.6484103497518747e+00
190 7 2.0847983776416767e+00
191 7 1.8939777140061202e+00
192 7 0.0000000000000000e+00
193 7 0.0000000000000000e+00
194 7 0.0000000000000000e+00
195 7 0.0000000000000000e+00
196 7 0.0000000000000000e+00
197 7 0.0000000000000000e+00
198 7 0.0000000000000000e+00
199 7 0.0000000000000000e+00
200 7 7.8615936970041531e+00
201 7 4.8164707453343789e+00
202 7 0.0000000000000000e+00
203 7 0.0000000000000000e+00
204 7 0.0000000000000000e+00
205 7 0.0000000000000000e+00
206 7 2.2582282448769666e-02
207 7 0.0000000000000000e+00
208 7 0.0000000000000000e+00
209 7 0.0000000000000000e+00
210 7 0.0000000000000000e+00
211 7 0.0000000000000000e+00
212 7 1.3816662637291615e+00
213 7 6.8251590962716135e-01
214 7 5.6402390446807082e+00
215 7 3.6257388464851834e+00
216 7 2.9128836566978276e+00
217 7 0.0000000000000000e+00
218 7 0.0000000000000000e+00
219 7 0.0000000000000000e+00
220 7 0.0000000000000000e+00
221 7 0.0000000000000000e+00
222 7 0.0000000000000000e+00
223 7 0.0000000000000000e+00
224 7 4.1885773085486981e+00
225 7 0.0000000000000000e+00
226 7 0.0000000000000000e+00
227 7 0.0000000000000000e+00
228 7 0.0000000000000000e+00
229 7 0.0000000000000000e+00
230 7 0.0000000000000000e+00
231 7 0.0000000000000000e+00
232 7 0.0000000000000000e+00
233 7 0.0000000000000000e+00
234 7 0.0000000000000000e+00
235 7 0.0000000000000000e+00
236 7 0.0000000000000000e+00
237 7 0.0000000000000000e+00
238 7 0.0000000000000000e+00
239 7 0.0000000000000000e+00
240 7 2.7025885333170357e-01
241 7 0.0000000000000000e+00
242 7 0.0000000000000000e+00
243 7 0.0000000000000000e+00
244 7 0.0000000000000000e+00
245 7 6.6670527404994930e-03
246 7 1.0984121492412366e-02
247 7 6.5105792110290031e-03
248 7 2.2148380803729684e-01
249 7 0.0000000000000000e+00
250 7 0.0000000000000000e+00
251 7 0.0000000000000000e+00
252 7 5.4391865225262249e-03
253 7 1.1021636508963477e-02
254 7 2.6540755814870977e-03
255 7 4.0609643428583329e-02
256 7 2.7215540969002017e-02
257 7 5.3476078773930062e-03
258 7 1.0518606558872119e-02
259 7 1.3021688458671436e-02
260 7 2.1753882843811231e-02
261 7 3.0423229710740799e-02
262 7 1.3328640063421184e-02
263 7 1.6244866287977298e-02
264 7 1.9034052950766083e-02
265 7 0.0000000000000000e+00
266 7 1.2380386665809821e-02
267 7 1.0635132944744651e-02
268 7 0.0000000000000000e+00
269 7 1.0416686728221667e-02
270 7 6.2520053940787572e-03
271 7 2.3670033772361369e-02
272 7 3.0895894817097851e-03
273 7 3.7394667824446476e-03
274 7 8.5409032584862418e-03
275 7 1.1540924719482913e-01
276 7 0.0000000000000000e+00
277 7 0.0000000000000000e+00
278 7 0.0000000000000000e+00
279 7 0.0000000000000000e+00
280 7 0.0000000000000000e+00
281 7 0.0000000000000000e+00
282 7 0.0000000000000000e+00
283 7 0.0000000000000000e+00
284 7 0.0000000000000000e+00
285 7 0.0000000000000000e+00
286 7 0.0000000000000000e+00
287 7 2.5827486871331023e-03
288 7 1.1756664233806887e-03
1 8 6.8906873399643146e+01
2 8 6.8739800995908340e+01
3 8 6.8785923280073320e+01
4 8 6.9036203424377263e+01
5 8 6.9462134168683960e+01
6 8 7.0019385680544914e+01
7 8 7.0656313131255217e+01
8 8 7.1328020751243443e+01
9 8 7.2007147349416940e+01
10 8 7.2679879830276263e+01
11 8 7.3330021563588843e+01
12 8 7.3922664945736344e+01
13 8 7.4399989839022908e+01
14 8 7.4695991047456189e+01
15 8 7.4762396646855976e+01
16 8 7.4584327023500720e+01
17 8 7.4180110280659150e+01
18 8 7.3591599256034399e+01
19 8 7.2872724977034423e+01
20 8 7.2080941970589095e+01
21 8 7.1272827012435869e+01
22 8 7.0502612483204160e+01
23 8 6.9821572657797446e+01
24 8 6.9276555000465493e+01
25 8 6.8704269155799267e+01
26 8 6.8526611606585789e+01
27 8 6.8581770913126221e+01
28 8 6.8860558279555178e+01
29 8 6.9330818631315537e+01
30 8 6.9939715201640936e+01
31 8 7.0621538297421679e+01
32 8 7.1320606316726241e+01
33 8 7.2013547284947293e+01
34 8 7.2702476500628165e+01
35 8 7.3387525752823151e+01
36 8 7.4037988126332706e+01
37 8 7.4581319061571946e+01
38 8 7.4925592489013766e+01
39 8 7.5006877497525025e+01
40 8 7.4810480082268114e+01
41 8 7.4364410386298914e+01
42 8 7.3721967868391644e+01
43 8 7.2945639086877478e+01
44 8 7.2097279482650976e+01
45 8 7.1234931692686800e+01
46 8 7.0413442884516613e+01
47 8 6.9685555974574697e+01
48 8 6.9101223915545816e+01
49 8 6.8282372358318682e+01
50 8 6.8080610275323338e+01
51 8 6.8153994780151166e+01
52 8 6.8493445207319041e+01
53 8 6.9060871625758082e+01
54 8 6.9787123218767789e+01
55 8 7.0569523643719748e+01
56 8 7.1319323952443654e+01
57 8 7.2023964471006821e+01
58 8 7.2728958548823712e+01
59 8 7.3479620576560635e+01
60 8 7.4260447419472740e+01
61 8 7.4961705962416119e+01
62 8 7.5418182805097686e+01
63 8 7.5529035772997787e+01
64 8 7.5286306648635190e+01
65 8 7.4745085519322458e+01
66 8 7.3986221753380789e+01
67 8 7.3090589346270875e+01
68 8 7.2127609264310252e+01
69 8 7.1156180153317578e+01
70 8 7.0230676934842947e+01
71 8 6.9405989300450898e+01
72 8 6.8738520688491889e+01
73 8 6.7606094302656373e+01
74 8 6.7359467121112488e+01
75 8 6.7460157200045998e+01
76 8 6.7898359307348358e+01
77 8 6.8632104332882463e+01
78 8 6.9578387313342205e+01
79 8 7.0550114083790973e+01
80 8 7.1363206430236730e+01
81 8 7.2034032473842757e+01
82 8 7.2709777605213162e+01
83 8 7.3541555512808330e+01
84 8 7.4562459425880419e+01
85 8 7.5586877893185246e+01
86 8 7.6256391748083090e+01
87 8 7.6404775133050265e+01
88 8 7.6060627415233967e+01
89 8 7.5343408355463666e+01
90 8 7.4387246494713636e+01
91 8 7.3302893156790844e+01
92 8 7.2166394126608736e+01
93 8 7.1031505635800201e+01
94 8 6.9947099470760605e+01
95 8 6.8969208424172209e+01
96 8 6.8164502309142534e+01
97 8 6.6618039511063216e+01
98 8 6.6291010701131270e+01
99 8 6.6428811565672063e+01
100 8 6.7007725574343866e+01
101 8 6.7990802980174109e+01
102 8 6.9344208265081946e+01
103 8 7.0689334388176945e+01
104 8 7.1549346269546021e+01
105 8 7.2039185639775397e+01
106 8 7.2534568174245422e+01
107 8 7.3414368670069990e+01
108 8 7.4860938205481915e+01
109 8 7.6566957448235812e+01
110 8 7.7615702589839927e+01
111 8 7.7773040558074342e+01
112 8 7.7208023910861627e+01
113 8 7.6180674017938756e+01
114 8 7.4916466884286578e+01
115 8 7.3567345753772472e+01
116 8 7.2203532248409374e+01
117 8 7.0856171251719573e+01
118 8 6.9556990522891056e+01
119 8 6.8359246813096064e+01
120 8 6.7344189939082824e+01
121 8 6.5230866528833090e+01
122 8 6.4757727469079200e+01
123 8 6.4956356258697767e+01
124 8 6.5712932009361452e+01
125 8 6.6979175485050490e+01
126 8 6.9118305596990538e+01
127 8 7.1313656915935098e+01
128 8 7.2105656763694412e+01
129 8 7.2038799348609743e+01
130 8 7.1974944596874622e+01
131 8 7.2720416134567358e+01
132 8 7.4899971279417912e+01
133 8 7.8204315242162181e+01
134 8 7.9866422748524997e+01
135 8 7.9863664339917577e+01
136 8 7.8817757356171114e+01
137 8 7.7254767477939524e+01
138 8 7.5530602659261717e+01
139 8 7.3846445219683261e+01
140 8 7.2224191382946387e+01
141 8 7.0632437210381084e+01
142 8 6.9065447787933977e+01
143 8 6.7566601745026517e+01
144 8 6.6234974561168698e+01
145 8 6.3312727560906076e+01
146 8 6.2552679336764278e+01
147 8 6.2925956920593258e+01
148 8 6.3908473661468946e+01
149 8 6.5094664358301941e+01
150 8 6.8836178476120836e+01
151 8 7.3341310856920771e+01
152 8 7.3520824268428086e+01
153 8 7.2035413524294327e+01
154 8 7.0605998240959153e+01
155 8 7.0592380933173686e+01
156 8 7.3814216037967682e+01
157 8 8.1483910258973765e+01
158 8 8.3782010489207408e+01
159 8 8.2997374426959951e+01
160 8 8.0944571163884191e+01
161 8 7.8490037970165858e+01
162 8 7.6104670327923742e+01
163 8 7.4063625096583692e+01
164 8 7.2214337117664840e+01
165 8 7.0383917458710215e+01
166 8 6.8505764783835247e+01
167 8 6.6606740915917882e+01
168 8 6.4798243136172005e+01
169 8 6.0669124126368658e+01
170 8 5.9214308320377562e+01
171 8 6.0286321443875011e+01
172 8 6.1900344625928156e+01
173 8 6.0654833278635351e+01
174 8 6.7790436711243032e+01
175 8 7.9694581967447661e+01
176 8 7.6600919233536871e+01
177 8 7.1976035288371705e+01
178 8 6.7821226118490117e+01
179 8 6.5228896702693575e+01
180 8 6.8280605166322033e+01
181 8 9.0135098036816387e+01
182 8 9.0780334992124494e+01
183 8 8.7399232213027375e+01
184 8 8.3473116735059378e+01
185 8 7.9656146615292414e+01
186 8 7.6334419169054726e+01
187 8 7.4089045216850209e+01
188 8 7.2185563171042702e+01
189 8 7.0183130855107848e+01
190 8 6.7966954900307130e+01
191 8 6.5556356586333493e+01
192 8 6.3038532441506327e+01
193 8 5.7110931231823663e+01
194 8 5.3349111308046027e+01
195 8 5.7104678841751550e+01
196 8 6.2751753206404040e+01
197 8 4.7833890539108886e+01
198 8 6.1976156662923991e+01
199 8 1.0104566523107745e+02
200 8 8.1212237798088040e+01
201 8 7.1446584276455127e+01
202 8 6.3473969946735700e+01
203 8 5.4221377909055562e+01
204 8 4.3944213422833464e+01
205 8 1.1999554629538312e+02
206 8 1.0180500232568737e+02
207 8 9.2346080084642324e+01
208 8 8.5892510610739421e+01
209 8 8.0327016662239799e+01
210 8 7.5487818435330993e+01
211 8 7.3772577261449626e+01
212 8 7.2255743210180967e+01
213 8 7.0196091244918719e+01
214 8 6.7622570622563444e+01
215 8 6.4613200687327577e+01
216 8 6.1130408994400320e+01
217 8 5.3295083698026076e+01
218 8 3.9966529851364712e+01
219 8 5.2031532627385118e+01
220 8 8.4168102371072578e+01
221 8 6.7928978374566199e+01
222 8 7.0304146255750425e+01
223 8 8.0254024982840676e+01
224 8 7.5755786431383797e+01
225 8 6.9124095274751184e+01
226 8 6.0406695047208757e+01
227 8 4.4238434613788407e+01
228 8 5.3274873075855460e+01
229 8 1.2410233182551723e+02
230 8 1.0409805114868502e+02
231 8 9.4287580092707316e+01
232 8 8.7423833702406526e+01
233 8 8.0271595451373926e+01
234 8 7.1517264870173165e+01
235 8 7.3257706304990279e+01
236 8 7.2868744777412459e+01
237 8 7.0722924150704571e+01
238 8 6.7714039317507115e+01
239 8 6.4143468050894782e+01
240 8 5.9758973867022497e+01
241 8 5.6343903225617723e+01
242 8 5.3221926942331223e+01
243 8 5.9023392536069423e+01
244 8 6.9792048336861768e+01
245 8 6.9409778723693364e+01
246 8 7.1057429567961407e+01
247 8 7.3910506968843123e+01
248 8 7.2432792608214427e+01
249 8 6.8887319937593674e+01
250 8 6.4790284350301334e+01
251 8 6.2325668390650947e+01
252 8 7.1641974660293513e+01
253 8 9.4938533006732698e+01
254 8 9.6197297108726161e+01
255 8 9.3282361601522325e+01
256 8 8.9243654344880611e+01
257 8 8.1818271767939578e+01
258 8 5.7051943885908670e+01
259 8 7.4872243029891521e+01
260 8 7.5238610175563366e+01
261 8 7.2112825860716043e+01
262 8 6.8367198834969514e+01
263 8 6.4487662453972504e+01
264 8 6.0466938370054685e+01
265 8 5.8391667228169759e+01
266 8 5.7553885478528365e+01
267 8 6.1048065833580772e+01
268 8 6.6566923972537367e+01
269 8 6.8860662724499647e+01
270 8 7.0605290642522334e+01
271 8 7.1897784980436370e+01
272 8 7.1177561740994477e+01
273 8 6.9202111584585751e+01
274 8 6.7541458144081759e+01
275 8 6.8631983498077574e+01
276 8 7.6028829131249879e+01
277 8 8.7812535078092424e+01
278 8 9.2470249480522924e+01
279 8 9.3400921541148961e+01
280 8 9.4450156751804272e+01
281 8 1.0070589924238129e+02
282 8 1.2584927676439875e+02
283 8 9.3940717169223063e+01
284 8 8.1100632503329919e+01
285 8 7.4122575505621782e+01
286 8 6.9154272652495493e+01
287 8 6.4973049094238618e+01
288 8 6.1277217253283226e+01
1 9 7.1656268410455304e-02
2 9 5.8130877467002712e-02
3 9 4.8516307729262576e-02
4 9 4.2264231897535337e-02
5 9 3.8735061770083352e-02
6 9 3.7901581898365053e-02
7 9 4.0043456466703965e-02
8 9 4.1963456492016063e-02
9 9 5.0098396386118751e-02
10 9 3.9665355591060172e-02
11 9 2.9714672576830661e-02
12 9 4.9550749903964207e-02
13 9 6.3150057739052592e-02
14 9 7.5313998866399251e-02
15 9 8.6156455434437798e-02
16 9 9.6087399635619852e-02
17 9 1.0534772477472831e-01
18 9 1.1346884395139589e-01
19 9 1.2213658245236886e-01
20 9 1.3178936240891212e-01
21 9 1.3829969743927203e-01
22 9 1.2834502400123934e-01
23 9 1.0947838914017580e-01
24 9 8.9214825927097938e-02
25 9 6.8092661647104744e-02
26 9 5.4577564177535627e-02
27 9 4.5444584742616340e-02
28 9 3.9783237201344621e-02
29 9 3.6497451763109062e-02
30 9 3.5161609712066423e-02
31 9 4.0464274729267863e-02
32 9 3.5956340890366138e-02
33 9 1.8697695428157985e-02
34 9 3.9214266428561392e-02
35 9 5.6949326239515430e-02
36 9 5.6420253529906449e-02
37 9 6.5433919121441086e-02
38 9 7.7925231277900464e-02
39 9 8.8234070692658206e-02
40 9 9.7815799890041660e-02
41 9 1.0750773605685734e-01
42 9 1.1398734083905261e-01
43 9 1.2221537834091507e-01
44 9 1.3605154096676778e-01
45 9 1.5574009435431421e-01
46 9 1.3814933128665660e-01
47 9 1.1153554545675570e-01
48 9 8.7030746539354817e-02
49 9 6.0493301346287380e-02
50 9 4.7435328110271839e-02
51 9 3.9483690742522524e-02
52 9 3.5392163918122603e-02
53 9 3.2825865576297762e-02
54 9 2.6234175891744049e-02
55 9 5.1215066780446968e-02
56 9 4.3121410147687333e-02
57 9 4.5921138070863891e-02
58 9 4.1803199999665301e-02
59 9 4.9227112414205541e-02
60 9 5.9129987414329788e-02
61 9 7.2603920510552505e-02
62 9 8.4599804920251848e-02
63 9 9.3614370375153341e-02
64 9 1.0224489470163621e-01
65 9 1.1512016836560489e-01
66 9 1.1552625299224435e-01
67 9 1.1826318320847995e-01
68 9 0.0000000000000000e+00
69 9 2.1226468371083754e-01
70 9 1.5863756912443980e-01
71 9 1.1296512059151168e-01
72 9 8.0775185926790838e-02
73 9 5.1877590582911019e-02
74 9 4.1281688714974125e-02
75 9 3.5540374379087060e-02
76 9 3.3648009159368143e-02
77 9 0.0000000000000000e+00
78 9 3.6662305034745934e-02
79 9 4.4828283438445783e-02
80 9 3.9991134224610841e-02
81 9 3.7922605878713815e-02
82 9 3.9487376256147198e-02
83 9 4.6984807521266193e-02
84 9 6.0829366697500456e-02
85 9 7.3936401035726629e-02
86 9 8.4802260683004393e-02
87 9 9.3535379358079110e-02
88 9 0.0000000000000000e+00
89 9 1.3660000565578240e-01
90 9 0.0000000000000000e+00
91 9 0.0000000000000000e+00
92 9 4.9379801109390481e-01
93 9 3.0097914885142046e-01
94 9 1.7553873129154426e-01
95 9 1.0535423330589599e-01
96 9 7.0332428728056465e-02
97 9 4.3202100564102133e-02
98 9 3.4698127546642608e-02
99 9 3.0468694750780918e-02
100 9 2.8994166762081525e-02
101 9 2.8890634699154472e-02
102 9 3.3105807232336387e-02
103 9 3.4570615245784406e-02
104 9 3.3384852212308219e-02
105 9 3.2580446476257234e-02
106 9 3.5568536281565054e-02
107 9 4.0930274346518240e-02
108 9 0.0000000000000000e+00
109 9 0.0000000000000000e+00
110 9 0.0000000000000000e+00
111 9 0.0000000000000000e+00
112 9 0.0000000000000000e+00
113 9 1.4566242986681655e-01
114 9 1.8760794445869997e-01
115 9 2.4254734871979805e-01
116 9 3.4986484460246126e-01
117 9 2.3860654271022147e-01
118 9 1.4360762263337448e-01
119 9 8.8740121981925227e-02
120 9 5.9160427191090950e-02
121 9 2.9461616343201817e-02
122 9 2.5297878928845961e-02
123 9 2.3314789312852559e-02
124 9 2.3332649358148223e-02
125 9 2.4236257943242780e-02
126 9 2.5889517972239151e-02
127 9 2.6273024601510663e-02
128 9 2.7847721301990456e-02
129 9 2.5570448947519090e-02
130 9 3.0965984330706169e-02
131 9 4.0504171869095842e-02
132 9 5.3426627603079806e-02
133 9 6.5839935134726191e-02
134 9 6.9220827873368695e-02
135 9 8.2641350780741044e-02
136 9 8.3305968800182983e-02
137 9 9.8998045018000441e-02
138 9 1.1321883788663351e-01
139 9 1.3827144465599980e-01
140 9 1.4998369818564811e-01
141 9 1.2335190160318676e-01
142 9 8.1943608160656725e-02
143 9 5.2107145977872631e-02
144 9 3.6581775416148030e-02
145 9 2.3653318117001360e-02
146 9 2.1638693803174257e-02
147 9 2.0625017012779797e-02
148 9 2.1025059697782240e-02
149 9 2.2332235970185486e-02
150 9 2.4837607290028731e-02
151 9 3.1340148641451605e-02
152 9 2.4724436350304406e-02
153 9 2.1581570714621006e-02
154 9 2.9979335998984901e-02
155 9 3.7422725673836137e-02
156 9 4.6146304202285215e-02
157 9 5.4050947959843089e-02
158 9 5.6531434151968235e-02
159 9 7.1833424950753816e-02
160 9 7.0760474158980846e-02
161 9 6.5590952405271505e-02
162 9 6.9968605019630717e-02
163 9 7.9736654726873954e-02
164 9 7.9412315865156222e-02
165 9 7.9043341133711587e-02
166 9 6.2427937125413023e-02
167 9 4.1131968191731275e-02
168 9 2.8811854960944166e-02
169 9 2.2617827751997707e-02
170 9 1.9815948049005452e-02
171 9 1.8159028173671248e-02
172 9 1.8454143998198971e-02
173 9 1.9510457308550673e-02
174 9 2.0058340613822993e-02
175 9 1.6532434167510365e-02
176 9 2.2904074337983086e-02
177 9 2.3199424129693336e-02
178 9 2.8635041796958992e-02
179 9 3.3760639420614774e-02
180 9 4.0197957500992830e-02
181 9 4.7536421102044930e-02
182 9 5.4474387015463178e-02
183 9 6.6354146298913591e-02
184 9 8.4051674064898968e-02
185 9 5.9267821203140982e-02
186 9 5.7238267331602838e-02
187 9 5.3650100680220053e-02
188 9 3.8631533986614806e-02
189 9 0.0000000000000000e+00
190 9 0.0000000000000000e+00
191 9 3.2033742232239579e-02
192 9 2.6933068471137873e-02
193 9 2.1170190273767233e-02
194 9 1.7943249228904647e-02
195 9 1.5820364065529439e-02
196 9 1.6558022162311826e-02
197 9 1.7763269124634679e-02
198 9 1.9567101669149271e-02
199 9 2.3326587178069461e-02
200 9 2.6305674187565398e-02
201 9 2.7444199758931646e-02
202 9 2.8547749609973347e-02
203 9 2.9317860845354246e-02
204 9 3.3784034337762323e-02
205 9 4.1854905677370970e-02
206 9 4.6530400845507941e-02
207 9 5.3405828050590722e-02
208 9 6.0856230172958936e-02
209 9 5.6374049206254960e-02
210 9 4.9007040838445225e-02
211 9 4.3196586147529047e-02
212 9 3.6882344137842790e-02
213 9 3.3072243731897058e-02
214 9 3.1267554665487293e-02
215 9 2.9120845455750135e-02
216 9 2.5348102936088825e-02
217 9 1.9533099905497432e-02
218 9 1.5560198107372100e-02
219 9 1.1058975165610658e-02
220 9 1.4713964482037989e-02
221 9 1.5858997609583168e-02
222 9 1.7563318103064142e-02
223 9 3.1250297711709889e-02
224 9 3.0356485219108786e-02
225 9 3.1141900786902585e-02
226 9 3.0244591531528899e-02
227 9 2.2888964701873644e-02
228 9 2.4806875634644034e-02
229 9 4.0238237996916143e-02
230 9 3.6839363486499584e-02
231 9 4.2024164544345551e-02
232 9 5.2115230155231666e-02
233 9 5.8380456489764906e-02
234 9 4.0420291035007418e-02
235 9 3.4008252402374407e-02
236 9 3.3011340164750450e-02
237 9 3.1591349132862642e-02
238 9 3.1127000983349647e-02
239 9 2.8641523972822082e-02
240 9 2.4706885891888155e-02
241 9 1.8157819368026948e-02
242 9 1.4854260481802968e-02
243 9 1.3652274372909778e-02
244 9 1.7590662553900582e-02
245 9 1.6395804908021130e-02
246 9 1.8766199820447697e-02
247 9 2.5105862435378316e-02
248 9 3.4039157055037711e-02
249 9 3.8321948824448671e-02
250 9 4.0491264143509252e-02
251 9 3.3761741816648781e-02
252 9 1.9636853591472863e-02
253 9 2.0231506758713737e-02
254 9 2.1350643659902843e-02
255 9 2.8621154201081671e-02
256 9 5.1397429460878490e-02
257 9 3.0458310293567211e-02
258 9 2.3256426667118104e-02
259 9 2.2384073986536399e-02
260 9 3.2424254649114734e-02
261 9 3.1903253812038769e-02
262 9 3.5399913129619306e-02
263 9 3.1962735929494633e-02
264 9 2.6693460929988009e-02
265 9 1.2404777092567803e-02
266 9 1.2986821878555542e-02
267 9 1.1722264050025440e-02
268 9 8.5170741342260065e-03
269 9 1.3805953359344350e-02
270 9 1.6481359478105053e-02
271 9 1.6847580338981150e-02
272 9 8.9320178307631982e-03
273 9 9.9326108581279833e-03
274 9 2.0867387115315533e-02
275 9 5.2722551722361594e-02
276 9 5.0846966100831295e-02
277 9 8.2030663239143875e-02
278 9 9.2952670130265244e-02
279 9 8.2493545195091625e-02
280 9 4.3384393740450063e-02
281 9 4.7628968032070881e-02
282 9 6.9009367159643328e-02
283 9 6.7092244996091649e-02
284 9 4.2764220765323102e-02
285 9 2.8748769744359096e-02
286 9 1.1554159277534523e-02
287 9 5.8895318970140246e-03
288 9 6.0941781807787769e-03
1 10 3.9519156194194830e-04
2 10 3.1751458746738233e-04
3 10 2.5679509365734217e-04
4 10 2.1308071403091646e-04
5 10 1.8841778818406068e-04
6 10 1.8788989176785829e-04
7 10 2.0622011598994824e-04
8 10 2.1696643914716532e-04
9 10 2.4782810374788703e-04
10 10 1.8329476622124408e-04
11 10 1.2119452393690046e-04
12 10 1.7784439896955417e-04
13 10 2.0070052238668228e-04
14 10 2.1340418201336818e-04
15 10 2.0778502700688145e-04
16 10 1.9658511566948746e-04
17 10 1.9699091066224401e-04
18 10 2.1335194962394331e-04
19 10 2.6306419653091576e-04
20 10 3.6817564987987213e-04
21 10 5.3812618435580828e-04
22 10 6.0217347282624952e-04
23 10 5.6634437785777533e-04
24 10 4.8403750569245838e-04
25 10 3.8430218341465466e-04
26 10 3.0014249304422571e-04
27 10 2.3892562763675157e-04
28 10 1.9288894859366990e-04
29 10 1.6466156588298991e-04
30 10 1.6860828302034595e-04
31 10 2.1397880941741173e-04
32 10 1.9589853632510121e-04
33 10 9.3375134756409461e-05
34 10 1.7824480315098786e-04
35 10 2.3476462737555869e-04
36 10 2.1221183829502359e-04
37 10 2.1364771341972043e-04
38 10 2.3436621496914664e-04
39 10 2.1568417190919278e-04
40 10 1.8617840141661046e-04
41 10 1.8051604741601987e-04
42 10 1.7946801548327458e-04
43 10 2.0893291557775562e-04
44 10 3.0565527478425975e-04
45 10 6.4555781130549821e-04
46 10 7.0501009902464574e-04
47 10 6.1395259300029423e-04
48 10 4.9111837835456125e-04
49 10 3.5889335229823940e-04
50 10 2.6737077613495167e-04
51 10 2.0533976078445675e-04
52 10 1.5864290360540878e-04
53 10 1.1225001486044166e-04
54 10 1.1103877429279018e-04
55 10 2.8884925254494360e-04
56 10 2.6147985381695259e-04
57 10 2.5787290337112175e-04
58 10 2.0160422741220159e-04
59 10 2.0880160171032644e-04
60 10 2.4617979941281043e-04
61 10 2.3054242688837063e-04
62 10 2.6908845124010025e-04
63 10 2.1144710355174492e-04
64 10 1.4541025399844912e-04
65 10 1.5315173132974890e-04
66 10 1.1275478312271422e-04
67 10 9.3258311515256659e-05
68 10 7.9462883816679038e-06
69 10 1.0514134511004931e-03
70 10 9.8071734599117287e-04
71 10 7.1159773402772284e-04
72 10 4.9693489613826850e-04
73 10 3.2637836170399537e-04
74 10 2.4096526292294128e-04
75 10 1.8800448505585686e-04
76 10 1.5273247265576521e-04
77 10 1.9194064020405476e-05
78 10 1.6817622065112570e-04
79 10 2.9594833843857771e-04
80 10 3.2183367128360780e-04
81 10 2.3561851015337673e-04
82 10 1.9472928558143576e-04
83 10 1.8764889180817920e-04
84 10 2.1564787641519808e-04
85 10 2.0174179075761492e-04
86 10 3.2339092792876926e-04
87 10 1.5969059089021283e-04
88 10 1.5645401137532821e-05
89 10 1.8094528080477929e-04
90 10 1.7875709148332034e-05
91 10 4.7082280082045637e-05
92 10 1.0065605975291513e-03
93 10 2.6027274847704282e-03
94 10 1.4807346252059248e-03
95 10 7.8606102669731180e-04
96 10 4.7791102036097986e-04
97 10 2.7928996588311736e-04
98 10 2.0946289052773778e-04
99 10 1.6829846042801125e-04
100 10 1.4686852804108777e-04
101 10 1.3727735016973982e-04
102 10 2.0448997905554351e-04
103 10 2.8120305570501563e-04
104 10 2.6853785199649290e-04
105 10 2.0863577388774369e-04
106 10 1.7635209001943611e-04
107 10 1.4115455379105815e-04
108 10 1.9010526587495467e-05
109 10 7.4999603829766441e-06
110 10 3.4517017813973593e-04
111 10 1.4198326992097807e-05
112 10 1.7723665981511928e-05
113 10 4.2926352414596837e-04
114 10 3.8124622323803961e-04
115 10 6.2341204429578368e-04
116 10 1.1474441179480249e-03
117 10 2.1420415741520865e-03
118 10 1.1945466062255983e-03
119 10 6.7666346970782047e-04
120 10 4.1405269700864572e-04
121 10 1.8450995513438114e-04
122 10 1.5099061396860500e-04
123 10 1.3319236193461148e-04
124 10 1.3137946841361881e-04
125 10 1.4425965029247638e-04
126 10 1.8571345213274964e-04
127 10 2.2409835155305584e-04
128 10 2.1354485511648373e-04
129 10 1.6865548292056861e-04
130 10 1.6988731001421023e-04
131 10 1.6880459032720161e-04
132 10 1.4682723373736698e-04
133 10 1.5453970638319185e-04
134 10 2.4367246399205540e-04
135 10 2.4532912819671802e-04
136 10 2.3240097604485774e-04
137 10 3.2444272801917618e-04
138 10 4.2030476186131794e-04
139 10 5.1494280634325779e-04
140 10 6.5350721054837453e-04
141 10 8.5747615416881555e-04
142 10 5.7594230060035632e-04
143 10 3.5788506734249818e-04
144 10 2.4093635098759353e-04
145 10 1.3613752272234172e-04
146 10 1.2485193162782942e-04
147 10 1.1960848392162210e-04
148 10 1.2552715209624525e-04
149 10 1.4400752898553545e-04
150 10 1.8350026409596245e-04
151 10 2.7004004042704765e-04
152 10 1.8728031285248804e-04
153 10 1.5055613465496587e-04
154 10 2.0919655626420419e-04
155 10 1.8588592968415326e-04
156 10 1.8284667254203865e-04
157 10 2.1026099966290764e-04
158 10 2.3789746013316713e-04
159 10 3.0741360157707096e-04
160 10 2.8286703832327810e-04
161 10 2.4473964665828839e-04
162 10 2.7114722855937700e-04
163 10 3.3309674832544177e-04
164 10 3.9847032301740639e-04
165 10 3.5942326650669702e-04
166 10 2.7643531793088150e-04
167 10 2.1551054059985725e-04
168 10 1.6203522153990135e-04
169 10 1.1890535937649372e-04
170 10 1.0936830042381113e-04
171 10 1.0437098792397905e-04
172 10 1.1116626269068158e-04
173 10 1.2492172191725875e-04
174 10 1.3696955725448070e-04
175 10 1.1296260156929922e-04
176 10 1.5986600079707534e-04
177 10 1.6477156656558047e-04
178 10 2.0479798657914103e-04
179 10 1.8679630370152612e-04
180 10 1.9094810114363438e-04
181 10 2.2091025086554472e-04
182 10 2.6832914744191093e-04
183 10 3.7949071868706099e-04
184 10 4.2715720903992936e-04
185 10 2.3885522429634552e-04
186 10 2.2756078609585955e-04
187 10 2.1155571764644080e-04
188 10 1.3484798151144309e-04
189 10 1.1906967994040244e-05
190 10 1.0583456958620277e-05
191 10 1.2110722215924750e-04
192 10 1.2980101627467998e-04
193 10 1.0621059715718914e-04
194 10 9.5474630487842898e-05
195 10 8.9145586457739306e-05
196 10 9.8679792649870580e-05
197 10 1.1147139246936066e-04
198 10 1.2826792190184346e-04
199 10 1.5592174253036944e-04
200 10 1.8043657591141694e-04
201 10 2.0054577231202664e-04
202 10 1.8868729020725232e-04
203 10 1.6928132568919292e-04
204 10 1.7607611242587137e-04
205 10 2.1337899439984075e-04
206 10 2.4815872964442290e-04
207 10 2.8369788929184130e-04
208 10 3.0076964314273237e-04
209 10 2.5093622580808864e-04
210 10 2.0457994792230918e-04
211 10 1.6998785691508796e-04
212 10 1.2958422443727071e-04
213 10 8.1464266239264811e-05
214 10 7.7933670067478880e-05
215 10 1.1523062915338676e-04
216 10 1.1996251897310764e-04
217 10 9.4493407235966525e-05
218 10 8.0457463258430144e-05
219 10 6.0522499827455745e-05
220 10 8.6050429327414566e-05
221 10 9.7175535366024723e-05
222 10 1.1196101641611048e-04
223 10 2.0436041192716263e-04
224 10 2.0063422304675426e-04
225 10 2.0543223948266045e-04
226 10 1.9068029033842830e-04
227 10 1.3634461015063840e-04
228 10 1.3722816478748106e-04
229 10 2.1200433663849444e-04
230 10 1.9319401216612119e-04
231 10 2.1574278689581912e-04
232 10 2.5547693478270191e-04
233 10 2.6979816712646536e-04
234 10 1.7571526746630340e-04
235 10 1.3775218726661491e-04
236 10 1.2386392031206572e-04
237 10 1.0690608138028173e-04
238 10 1.0717006063872517e-04
239 10 1.1400212232416012e-04
240 10 1.1080003592255783e-04
241 10 8.7751485917235750e-05
242 10 7.7512928824875464e-05
243 10 7.6703235132108568e-05
244 10 1.0481427542017255e-04
245 10 1.0197897865894320e-04
246 10 1.2017098371575519e-04
247 10 1.6256307348110448e-04
248 10 2.1971543536361844e-04
249 10 2.4283668259005993e-04
250 10 2.4652382977162366e-04
251 10 1.9673492772248694e-04
252 10 1.1037366161668666e-04
253 10 1.0852206486572813e-04
254 10 1.1197068661524102e-04
255 10 1.4626702941242313e-04
256 10 2.5758718909308867e-04
257 10 1.4843281564530311e-04
258 10 1.0439791806106051e-04
259 10 9.3848423087188344e-05
260 10 1.3215419305221112e-04
261 10 1.2446125481519512e-04
262 10 1.3813514880035683e-04
263 10 1.3237998199029907e-04
264 10 1.1943561037606693e-04
265 10 6.3718757858738522e-05
266 10 7.0127487269208653e-05
267 10 6.7276517350075538e-05
268 10 5.2686836929872956e-05
269 10 8.8142781501069218e-05
270 10 1.0703237568321822e-04
271 10 1.0997776513010243e-04
272 10 5.7593503260466350e-05
273 10 6.0189487599664762e-05
274 10 1.2047654352226442e-04
275 10 2.9914926826719938e-04
276 10 2.7884036841548652e-04
277 10 4.4427450672100796e-04
278 10 4.9772155140692784e-04
279 10 4.3569796238580579e-04
280 10 2.2409287792033296e-04
281 10 2.3305985525943170e-04
282 10 3.2265486742201428e-04
283 10 3.0313409626063064e-04
284 10 1.8668497404423717e-04
285 10 1.2162177306850134e-04
286 10 5.0886182638440206e-05
287 10 2.8261129356232932e-05
288 10 3.1323080143750277e-05
